PVV4;AXR-1;HH.335C-Col;DF.162L/164C-Col;EC.480C;EC.66C;GD.86L;g2395;CC.98L-Col/101C;AD.121C;AD.106L-Col;GB.112L;GD.97L;EG.113L/115C;CD.89C;BF.206L-Col;CH.200C;DF.260L-Col;EC.88C;GD.160C;CH.215L;BF.116C;GH.157L-Col;CC.318C;CD.173L/175C-Col;FD.90L-Col;GH.127L-Col;HH.360L-Col;AD.156C;BF.325L;GH.580L;GD.145C;FD.81L;CH.284C;FD.222L-Col;CH.65C;BF.221L;FD.85C;FD.150C;Erecta;GD.298C;BH.120L-Col;DF.140C;T6A23;EC.235L-Col/247C;F4I1;MSAT2.22;DF.77C;GB.120C-Col;EG.75L;FD.111L-Col/136C;BF.270L-Col/271C;BH.88C;GH.390L;EC.83C/84L;GD.318C/320L;AD.92L;HH.410C;GB.210L;BF.134C-Col;BH.225C-Col;GB.80C-Col;HH.440L;HH.117C;GD.296C-Col;FD.98C;AD.182C;DF.65L-Col;HH.171C-Col/173L;AD.112L-Col;BH.109L-Col;HH.90L-Col;ANL2;GH.250C;GA1;C6L9;T7M24;BF.151L;EC.306L;BH.92L-Col;FD.154L;CD.84C-Col/85L;g4539;CD.329C-Col;FD.167L-Col;CH.70L/71C-Col;HH.159C-Col;VPMH47;GB.750C;BH.342C/347L-Col;FD.207L;CH.690C;BH.144L;EC.198L-Col;BH.325L;BH.107L-Col;nga151;DF.231C;DF.184L-Col;GH.117C;GH.121L-Col;AD.129L-Col;HH.480C;BH.96L-Col;CH.60C;CD.179L;CD.116L;DFR;AD.75C-Col;GB.223C;HH.445L-Col;CC.262C;GB.102L-Col/105C;HH.143C;BF.168L-Col;DF.119L;HH.122C/120L
1;1;1;1;1;1;1;1;2;1;1;1;1;1;1;1;1;1;1;1;1;1;1;1;2;2;2;2;2;1;1;2;2;2;2;2;2;2;2;2;2;2;2;2;2;1;2;2;2;2;2;2;2;2;1;1;1;1;1;1;1;1;1;1;1;1;1;1;1;1;1;1;1;2;2;2;2;2;2;2;2;2;2;2;2;2;2;2;2;2;2;1;2;2;2;2;2;2;2;2;2;2;2;2;2;2;1;1;1;1;1;1;1;1;1;1;1;1
2;1;1;1;1;1;1;1;1;1;1;1;1;1;1;1;1;1;1;1;1;2;2;2;2;2;2;2;2;2;2;2;2;2;2;2;2;2;2;1;1;1;1;2;2;2;2;2;2;2;2;2;2;2;2;2;1;1;1;1;1;1;1;1;1;1;1;1;1;1;1;1;1;2;2;2;2;1;1;1;1;1;2;2;1;1;1;1;1;1;2;1;1;1;1;1;1;1;1;1;1;1;1;1;1;1;1;1;1;1;1;1;1;1;1;1;1;1
3;2;2;1;1;1;1;1;1;1;1;1;2;2;2;2;2;2;2;2;2;2;2;2;2;2;2;2;2;1;1;1;1;1;1;1;1;1;1;1;1;1;1;1;1;1;1;1;1;1;1;NA;2;2;2;2;2;2;2;1;1;1;2;2;2;2;2;2;1;1;1;1;1;2;2;2;2;2;2;2;2;2;2;2;2;2;2;2;2;2;2;1;1;1;1;1;1;1;1;1;1;1;1;1;1;1;1;1;1;1;1;1;1;1;1;1;2;2
4;1;1;1;1;1;1;1;1;NA;1;1;1;1;1;1;1;1;1;1;1;2;2;2;NA;2;2;1;1;1;1;1;1;1;1;1;1;1;1;1;1;1;1;1;1;1;1;1;1;1;1;1;1;1;1;1;1;1;2;2;2;2;2;2;2;2;1;1;1;1;1;1;1;1;1;1;1;1;1;2;2;2;2;2;2;2;2;2;2;1;1;2;2;2;2;2;2;2;2;2;2;2;2;2;2;2;2;2;2;2;2;2;NA;2;2;2;2;2
5;2;2;2;2;2;2;2;2;2;1;1;1;1;1;1;1;1;2;2;2;2;2;2;2;2;2;2;2;1;1;1;1;1;1;1;1;1;1;1;1;1;1;1;1;1;1;1;1;1;1;1;1;1;1;1;1;1;1;1;1;1;1;1;1;1;1;1;1;1;1;1;1;2;2;2;2;2;2;1;1;1;1;1;1;1;1;1;1;2;2;1;1;1;1;1;1;1;1;1;1;2;2;2;2;2;2;2;2;1;1;1;1;1;1;1;1;1
6;2;2;2;2;2;2;2;2;2;2;2;2;2;1;1;1;1;1;1;1;1;2;2;2;2;2;2;2;2;2;2;2;2;2;2;2;2;2;2;2;2;2;2;2;2;2;2;2;2;2;2;2;2;2;2;2;2;2;2;2;2;2;2;2;2;2;2;2;2;2;2;2;2;2;1;1;1;1;1;1;2;2;2;2;2;2;2;2;2;2;1;1;1;1;1;1;1;1;1;1;1;1;1;1;1;1;1;1;1;1;2;2;2;2;2;1;1
7;1;1;1;1;1;1;1;1;1;2;2;2;2;2;2;2;2;2;2;2;2;2;2;2;2;2;2;2;1;1;1;1;1;1;1;1;1;1;1;1;1;1;1;1;1;1;1;1;1;1;1;1;1;1;1;1;1;1;1;2;NA;2;1;1;1;1;2;2;2;2;2;2;2;2;2;2;2;2;2;1;1;1;1;1;1;1;1;1;1;1;2;2;2;2;2;2;2;2;2;2;2;2;2;1;1;2;2;1;1;1;1;1;1;1;1;1;1
8;2;2;2;2;1;1;1;1;1;1;2;2;2;2;2;2;2;2;2;2;2;2;2;2;2;2;2;2;2;2;1;1;1;2;2;1;1;1;1;1;1;1;1;1;1;1;1;2;1;1;1;1;1;1;1;1;1;1;1;1;1;1;1;1;1;1;1;1;1;1;1;1;1;1;1;2;2;2;2;1;1;1;1;1;1;2;2;2;2;2;1;1;1;2;2;2;2;2;2;2;1;1;1;1;1;1;1;1;1;1;1;1;1;1;1;1;1
9;2;2;2;2;2;2;2;2;2;2;2;2;2;2;2;2;2;1;1;1;1;1;1;1;1;1;1;1;2;2;2;2;2;2;2;2;2;2;1;1;1;1;1;1;1;1;2;1;1;1;1;1;2;2;2;2;2;2;2;2;2;2;2;2;2;2;2;1;1;1;1;1;2;2;2;2;2;2;2;2;2;2;2;2;2;2;2;2;2;2;1;1;1;1;1;1;1;1;1;1;1;1;1;2;2;2;2;2;2;2;2;2;2;1;1;1;1
10;2;2;2;2;2;2;2;2;2;2;2;2;2;2;1;1;1;1;1;1;2;2;2;2;2;2;2;2;1;1;1;1;1;1;1;1;1;1;1;2;2;2;2;2;2;2;1;2;2;2;2;2;2;2;2;2;1;1;1;1;1;1;1;1;1;1;1;1;2;2;2;2;2;2;2;2;2;2;2;2;2;1;1;1;1;1;1;1;2;2;2;2;2;2;2;2;2;2;2;2;2;2;2;2;2;2;2;2;2;1;1;1;1;1;1;1;1
11;2;2;1;1;1;1;1;1;1;1;1;1;2;2;2;2;2;2;2;2;2;2;2;2;2;2;2;2;1;1;1;1;1;1;1;1;2;2;2;2;1;1;1;1;1;1;1;2;2;1;2;2;2;2;2;2;2;2;2;2;2;2;2;2;2;2;1;1;1;1;1;1;1;1;1;1;2;2;2;2;2;2;1;1;1;1;1;1;1;1;1;1;1;1;1;1;1;1;1;1;1;1;1;NA;1;1;1;1;1;1;1;1;1;1;1;1;1
12;2;2;2;2;2;2;2;2;2;2;2;2;1;1;1;1;1;1;1;1;1;1;1;1;2;2;2;2;2;2;2;2;1;1;1;1;1;1;1;1;1;1;1;1;1;1;1;2;2;2;2;2;2;1;1;1;1;1;1;1;1;1;1;1;1;1;1;1;1;1;1;1;1;1;1;1;1;1;1;1;1;1;2;2;2;2;1;1;1;1;2;2;2;2;2;2;1;1;1;1;1;1;1;1;1;1;1;1;1;1;1;2;2;2;2;2;2
13;1;2;2;2;2;2;2;2;2;2;1;1;1;1;1;1;1;1;1;1;1;1;1;1;2;2;2;1;1;2;1;1;2;2;2;1;1;1;1;1;1;1;1;1;1;1;1;1;1;1;1;1;1;1;1;1;1;1;1;1;1;1;1;1;1;1;1;1;1;1;1;1;1;1;1;1;1;1;1;1;1;1;1;1;1;1;1;1;1;1;2;2;2;2;2;1;1;2;2;2;2;2;2;2;2;2;1;1;2;2;2;1;1;1;1;1;2
14;1;1;1;1;1;1;1;1;1;1;1;1;1;2;2;2;2;2;2;2;2;2;2;2;2;2;2;1;1;2;2;2;2;2;2;2;2;2;2;2;2;2;2;1;1;1;1;2;2;2;2;2;2;2;2;2;1;1;1;1;1;1;1;1;2;2;2;2;2;2;2;2;2;2;2;2;2;2;2;2;2;2;1;1;1;1;1;1;1;2;2;2;2;2;2;2;2;2;2;2;2;2;1;1;1;1;1;1;1;1;1;1;1;1;1;1;1
15;2;2;2;2;2;2;2;2;2;2;2;2;2;2;2;2;2;2;2;1;1;1;1;1;1;1;1;1;2;1;1;1;1;2;2;2;2;2;2;2;2;2;2;2;2;2;2;1;1;1;2;2;2;2;2;2;2;1;1;1;1;1;1;1;1;2;1;1;1;1;1;1;2;2;2;2;2;2;2;2;2;2;2;2;2;2;2;2;2;2;2;2;2;1;1;1;1;1;1;1;2;2;2;2;2;2;2;2;2;2;2;2;2;1;1;1;1
16;1;1;1;1;1;1;1;1;1;1;1;1;1;1;1;1;1;1;1;1;1;1;1;1;1;1;1;1;2;2;2;2;2;2;2;2;2;2;2;2;2;2;2;2;2;1;2;1;1;1;1;1;1;1;1;1;1;1;1;1;1;1;1;1;1;1;1;1;1;1;1;1;2;1;1;1;1;1;1;1;1;2;2;2;2;1;1;2;2;2;1;1;1;1;1;1;1;1;1;1;1;1;1;1;1;1;1;1;1;1;1;1;1;1;1;1;1
17;1;1;2;2;2;2;2;2;2;1;1;2;2;2;1;NA;NA;1;1;1;1;1;1;1;1;2;2;1;2;1;1;1;1;1;1;1;1;1;1;1;1;1;1;1;1;1;1;1;1;1;1;1;NA;2;2;2;2;1;1;1;1;1;1;1;1;1;1;1;1;1;1;1;2;2;2;2;1;1;1;1;1;1;1;1;1;2;2;2;1;1;1;1;1;1;1;1;1;1;2;2;1;1;1;1;1;1;1;1;1;1;1;1;1;1;1;1;1
18;1;1;1;1;1;1;1;1;1;1;1;1;1;1;1;1;1;1;1;1;1;1;1;1;1;1;1;1;1;1;1;1;1;1;1;1;1;1;1;1;1;1;1;1;1;1;1;1;1;1;1;1;1;1;1;1;1;1;1;2;2;2;2;2;1;1;1;1;1;1;1;1;1;1;1;1;1;1;1;1;1;1;1;1;1;1;1;1;1;1;1;1;1;1;1;2;2;2;2;2;2;2;2;2;2;2;2;2;2;2;2;2;2;2;2;2;2
19;1;1;1;1;1;2;2;2;2;2;2;1;2;2;2;2;2;2;2;2;1;1;1;1;1;1;1;1;1;1;1;1;1;1;2;2;2;2;2;2;2;2;2;2;2;2;2;2;2;2;2;1;1;1;1;1;1;1;1;1;1;1;1;1;1;1;1;1;1;1;1;1;2;1;1;1;1;1;2;1;1;1;1;1;1;1;1;1;1;1;2;2;1;1;1;1;1;1;1;1;1;1;1;1;1;1;1;1;1;1;1;1;1;1;1;1;1
20;2;2;2;2;2;2;2;2;2;2;2;1;1;1;2;2;2;2;2;2;2;2;2;2;2;2;2;2;1;1;1;1;1;1;1;1;1;1;1;1;2;2;2;2;2;2;2;1;1;1;1;1;1;1;1;1;1;1;1;2;2;2;2;2;1;1;1;1;1;2;2;2;2;2;2;2;2;2;2;2;2;2;1;1;1;1;1;1;1;1;NA;2;2;2;2;2;2;2;2;2;2;1;2;2;2;2;2;2;2;2;2;2;2;2;2;2;2
21;1;1;1;1;1;1;1;1;1;2;2;2;2;1;1;1;1;1;1;1;1;2;2;2;2;2;2;2;1;1;1;1;1;1;1;1;1;1;1;1;1;1;1;1;1;1;1;1;1;1;1;1;1;1;1;1;1;2;1;1;1;1;1;1;1;1;1;1;1;1;1;1;2;2;2;2;2;2;2;2;2;2;2;2;2;2;2;2;1;1;1;1;1;1;1;1;1;1;1;1;1;1;1;2;2;2;2;2;2;2;2;1;1;1;1;1;1
22;2;2;2;2;2;2;2;2;2;2;2;2;2;2;2;2;2;2;2;1;1;1;2;2;2;2;2;2;1;1;1;1;1;1;1;1;1;1;1;1;1;1;1;1;1;1;1;1;1;1;1;1;1;1;1;1;1;1;1;1;1;2;2;2;2;2;2;2;2;2;2;2;2;2;2;2;2;2;NA;1;1;1;1;1;1;1;2;2;2;2;1;1;1;1;1;1;1;1;2;2;2;2;1;1;1;1;1;1;1;2;2;2;2;2;2;2;2
23;1;1;1;1;1;1;2;2;1;1;1;1;1;1;1;1;1;1;1;1;1;1;1;1;2;2;2;2;2;2;2;2;2;2;2;2;2;2;2;2;2;2;2;2;2;2;2;2;2;2;2;2;2;2;2;2;2;2;2;2;2;2;2;2;2;2;1;1;1;1;1;1;1;1;1;1;1;1;2;2;1;1;1;1;1;1;2;2;2;2;2;2;2;2;2;2;2;2;2;2;2;2;2;2;2;2;2;2;2;2;2;2;1;1;1;1;1
24;2;2;2;2;2;2;2;2;2;2;2;2;1;1;1;1;1;1;1;1;1;1;1;1;1;1;1;1;2;2;2;2;2;2;2;2;2;2;2;2;2;1;1;1;1;1;1;2;2;2;2;2;2;2;2;2;2;2;2;2;2;2;2;2;2;2;2;2;2;2;2;2;2;2;2;2;2;2;2;2;2;2;2;2;1;1;1;1;1;1;1;2;1;1;1;1;1;1;1;1;1;1;1;1;1;2;2;2;2;2;2;2;2;2;2;2;2
25;1;2;2;2;2;2;2;2;2;2;2;2;2;1;2;2;2;2;2;2;2;2;2;1;2;2;2;2;2;1;1;1;1;1;1;1;1;1;1;2;2;2;1;1;2;2;1;2;2;2;2;2;2;2;2;1;1;1;1;1;1;1;1;1;1;1;1;1;1;1;2;2;1;1;1;1;1;1;1;1;1;1;1;1;1;1;1;1;1;1;2;2;2;2;2;2;2;2;2;1;1;1;1;1;1;1;1;1;1;1;1;1;1;2;2;2;2
26;2;1;2;2;2;2;2;2;2;1;1;1;1;1;2;2;2;2;2;2;2;2;2;2;2;2;1;1;1;1;1;1;1;1;1;1;1;1;1;1;1;1;1;1;1;1;1;2;2;2;2;2;2;1;1;1;1;1;1;1;1;1;1;1;1;1;1;1;1;1;1;1;2;2;2;1;1;1;1;1;1;1;2;2;2;1;1;2;2;1;2;2;2;2;2;2;2;2;2;2;2;2;2;1;1;2;2;2;2;2;2;2;2;1;1;1;1
27;2;2;2;2;2;2;2;2;2;2;2;2;2;2;2;2;1;1;1;1;1;1;1;2;2;2;2;2;2;2;2;1;1;1;1;1;1;1;1;1;1;1;1;1;1;1;1;1;1;1;1;1;1;1;1;1;1;1;1;1;1;1;1;1;1;1;2;2;2;2;2;2;2;1;1;1;1;1;2;2;2;2;2;2;2;2;2;2;2;2;2;2;2;2;2;2;2;2;1;1;1;1;1;1;1;1;1;1;1;1;1;2;2;2;2;2;2
28;2;NA;1;1;1;NA;NA;1;1;1;1;1;1;1;1;1;1;1;1;1;1;1;2;2;2;2;2;2;1;2;2;2;2;2;1;1;1;1;1;1;1;1;1;1;1;1;1;2;2;2;2;1;1;1;1;1;1;1;1;1;1;1;1;1;1;1;2;2;2;2;2;2;2;2;2;2;2;2;2;2;2;2;2;2;2;2;2;1;1;1;1;2;2;2;2;2;2;2;2;2;2;2;2;2;2;2;2;2;2;2;2;2;2;2;2;2;2
29;2;2;2;2;2;2;2;1;1;1;1;2;2;2;2;2;2;2;2;2;2;2;2;1;1;1;1;1;1;1;1;1;1;1;1;1;1;1;1;1;2;2;2;2;2;2;2;2;2;2;2;2;2;2;2;2;2;2;2;2;2;2;2;2;2;2;2;2;2;2;2;2;1;1;1;1;1;1;1;1;1;1;1;1;1;1;1;1;1;1;1;1;1;1;1;1;1;1;1;1;2;2;2;2;2;2;2;2;2;2;2;2;2;2;1;1;1
30;1;1;2;2;2;2;2;2;1;1;1;1;1;1;1;1;1;2;2;2;2;2;2;2;2;2;2;2;2;2;2;2;2;2;2;2;2;2;2;2;2;2;2;2;2;2;2;1;1;1;1;1;1;1;1;1;1;1;1;1;1;1;2;2;2;2;2;2;2;2;2;2;2;2;2;2;2;2;2;2;2;2;2;1;1;1;1;1;1;1;2;2;2;2;2;2;2;2;2;2;2;2;2;2;2;2;2;2;2;2;2;2;2;2;2;2;2
31;1;1;2;2;2;2;2;2;2;1;1;1;1;1;1;1;1;1;1;1;1;1;1;1;1;1;1;1;2;2;2;2;2;1;1;1;1;1;1;1;1;1;1;1;1;1;1;1;1;1;2;2;2;2;2;1;1;1;1;1;1;1;1;1;1;1;1;1;1;1;1;1;2;2;2;2;2;2;2;2;2;2;2;2;2;1;1;1;1;1;1;1;1;1;1;1;2;2;2;2;2;2;2;2;2;2;2;2;2;2;2;2;2;2;2;2;2
32;2;2;2;2;2;2;2;2;2;2;2;2;2;2;NA;1;2;2;1;1;1;2;2;2;2;2;2;2;2;2;2;1;1;1;1;1;2;2;2;2;2;1;1;1;1;1;1;2;2;2;2;2;2;2;2;2;2;2;2;2;2;2;2;2;2;2;1;2;2;2;2;2;1;1;1;1;1;1;1;1;1;1;1;1;1;1;1;1;1;1;2;2;2;1;1;1;1;1;1;1;1;1;1;1;1;1;1;1;1;1;1;1;1;1;1;2;2
33;1;1;1;1;1;1;1;1;1;2;2;1;1;1;1;1;1;1;1;1;1;1;1;1;1;1;1;1;1;1;1;1;1;1;1;1;1;1;1;2;2;2;1;1;1;2;2;1;1;1;1;1;1;1;1;1;1;1;1;1;1;1;1;1;1;1;1;1;1;1;1;1;2;2;2;2;2;2;2;2;2;2;2;2;2;2;2;2;2;2;1;1;1;1;1;1;1;1;1;1;1;1;1;1;1;1;1;1;1;1;1;1;1;1;1;1;2
34;2;2;2;2;2;2;2;1;NA;1;1;1;2;2;2;2;2;2;2;2;2;2;2;2;2;2;2;2;2;2;2;2;2;2;2;1;1;1;1;1;1;1;1;1;1;1;1;2;2;1;1;1;1;1;1;1;1;2;2;2;2;1;1;1;1;1;1;1;1;1;1;1;2;2;2;2;2;2;2;1;1;1;1;1;1;1;1;1;1;1;1;1;1;1;1;1;1;1;1;1;1;1;1;1;1;1;1;1;1;1;1;1;1;1;1;1;1
35;2;2;2;2;2;2;2;2;2;2;2;2;2;2;2;2;2;2;2;1;1;1;1;1;1;1;1;1;2;2;2;2;2;2;1;1;1;1;1;1;1;1;1;1;1;1;1;2;2;2;2;2;2;2;1;1;1;1;1;1;1;1;1;1;1;1;1;2;2;2;2;2;1;1;1;1;1;1;1;2;2;2;2;2;1;1;1;1;1;1;1;1;1;1;1;1;1;1;1;1;1;1;2;2;2;2;2;2;2;2;1;1;1;1;1;1;1
36;2;1;1;1;1;1;1;1;1;1;1;1;1;2;2;2;2;2;2;2;2;2;2;2;2;2;1;1;1;1;1;1;1;1;1;1;1;1;2;2;1;1;1;1;2;2;2;1;1;1;1;1;1;1;1;1;1;1;1;1;1;1;1;1;1;1;1;1;1;1;1;1;1;2;2;2;2;2;2;2;2;2;2;2;2;2;2;2;2;2;2;2;2;2;2;2;2;2;1;1;1;1;1;1;2;2;1;1;2;2;2;2;2;2;2;2;2
37;2;1;1;1;1;1;1;1;1;1;1;1;1;1;1;1;1;1;1;1;2;2;2;2;2;2;2;2;1;1;1;1;1;1;2;2;2;2;2;2;1;1;1;1;1;1;2;2;2;2;2;2;2;2;1;1;1;1;1;1;1;1;1;2;2;2;2;2;2;2;2;2;1;1;1;1;1;1;1;1;1;1;1;1;1;1;1;1;1;1;2;1;1;1;2;2;2;2;2;2;2;2;2;2;2;2;2;1;1;2;2;2;NA;NA;NA;2;2
38;1;1;1;1;1;1;1;1;1;1;1;1;1;1;1;1;1;1;1;1;1;1;1;1;1;1;1;1;2;2;2;2;2;2;2;2;2;2;2;2;2;2;2;1;1;1;1;1;1;1;1;1;1;1;1;1;1;2;2;2;2;2;2;1;1;2;2;2;2;2;2;2;1;1;1;1;1;1;1;1;1;1;1;1;2;2;1;1;1;1;1;1;1;1;1;1;1;1;1;1;1;1;1;1;1;1;1;1;1;1;1;1;1;1;1;1;1
39;1;1;1;1;1;1;1;1;1;2;2;2;2;1;2;2;2;2;1;1;1;1;2;2;2;2;2;2;1;1;1;1;1;1;1;1;1;1;1;1;1;1;1;1;1;1;1;1;1;1;1;1;1;1;1;2;2;1;1;1;1;1;1;1;1;1;2;2;2;2;2;2;1;1;1;1;1;1;1;1;2;2;2;2;2;2;2;2;2;2;1;1;1;1;1;1;1;1;1;2;2;2;2;1;1;1;1;1;1;1;1;1;1;1;1;1;1
40;2;2;2;2;2;2;2;2;2;1;1;1;1;1;1;1;1;1;1;1;2;2;2;2;2;1;1;1;1;1;2;2;2;2;2;2;2;2;2;2;2;2;2;2;2;2;2;1;1;1;1;1;1;1;1;2;2;2;2;2;2;2;2;2;2;2;2;2;2;1;1;1;1;1;1;1;1;1;1;1;1;1;1;1;2;2;2;2;2;2;1;1;1;1;1;1;1;1;1;1;1;1;1;1;1;1;1;1;2;2;2;2;2;2;2;2;2
41;2;2;2;2;2;2;2;2;2;1;1;1;1;1;1;2;1;1;1;1;1;1;1;1;1;1;1;1;2;2;2;2;2;2;2;2;2;2;1;1;1;1;1;1;1;1;1;1;1;1;1;1;1;1;1;1;1;1;1;1;1;1;1;1;1;2;2;2;2;2;2;2;1;1;1;1;1;1;1;1;1;2;2;2;2;2;2;2;2;2;2;2;2;1;1;2;2;1;1;1;1;1;1;1;1;1;1;1;1;1;1;1;1;1;1;1;1
42;1;1;1;1;2;2;2;2;2;2;2;2;2;2;2;2;2;2;2;2;2;2;2;2;2;2;2;2;2;2;2;2;2;2;2;2;2;2;2;2;1;1;1;1;1;1;1;2;2;2;2;2;2;2;2;2;2;2;2;2;1;1;1;1;1;1;1;1;1;1;1;1;1;1;1;1;1;1;1;1;1;1;1;1;1;1;1;1;1;1;2;2;2;2;2;2;2;2;1;1;1;2;2;2;2;2;2;2;2;2;2;2;2;2;2;2;2
43;2;2;2;2;2;2;1;1;1;1;1;2;2;2;2;1;1;1;1;1;1;1;1;1;1;2;2;1;1;1;2;1;2;2;2;2;2;2;2;2;1;1;1;1;1;1;1;2;2;2;2;2;2;2;1;1;1;1;1;1;1;1;1;2;2;2;2;2;1;1;1;2;1;1;1;1;1;1;1;1;1;1;2;2;2;2;2;2;2;2;1;2;2;1;1;1;1;2;2;2;2;2;2;2;2;2;1;1;1;1;1;1;1;1;1;1;1
44;1;1;1;1;1;1;1;1;1;1;1;1;1;1;1;1;1;1;1;1;1;2;2;2;2;2;2;2;2;2;2;2;2;2;2;2;2;2;2;2;2;2;2;2;2;2;2;1;1;2;2;2;2;2;2;2;1;1;1;1;1;1;1;1;1;1;1;1;1;1;1;1;2;2;2;2;2;2;2;2;2;2;2;2;2;2;2;2;2;2;1;1;1;1;1;1;1;1;1;1;1;1;1;1;1;1;1;1;1;1;1;1;1;1;1;1;1
45;1;1;1;1;1;1;1;1;1;1;1;1;1;2;2;2;2;2;2;2;2;2;2;2;2;2;1;2;1;1;1;1;1;1;1;1;1;1;1;1;1;1;1;1;1;1;1;2;2;1;1;1;1;1;1;1;1;1;1;1;1;1;1;1;1;1;1;1;1;1;1;1;1;1;1;1;1;1;1;1;1;1;1;1;1;1;1;1;1;1;2;2;2;2;2;2;2;2;2;2;2;2;2;2;2;2;2;2;2;2;2;2;2;2;2;2;2
46;1;1;1;1;1;1;1;1;1;1;1;1;1;1;1;1;1;1;1;1;1;1;2;2;2;2;2;2;2;2;2;2;2;2;2;2;2;2;2;2;2;2;2;2;2;2;1;1;1;1;1;1;1;1;1;1;1;1;1;1;1;1;1;1;1;1;1;1;1;2;2;2;2;2;2;2;2;2;2;2;2;2;2;1;1;1;1;1;1;1;1;1;1;1;1;2;2;2;2;1;1;1;1;1;1;1;1;1;1;1;1;2;2;2;2;2;1
47;2;2;2;2;2;2;2;2;2;1;1;1;1;1;1;1;1;1;1;1;1;2;2;2;2;2;2;2;1;1;1;1;2;2;2;2;2;2;2;2;2;2;2;1;1;1;1;1;1;1;1;1;1;2;2;2;2;2;2;2;1;1;1;1;1;1;1;1;1;2;2;2;2;2;2;2;2;2;2;2;2;1;1;1;1;1;1;1;1;1;1;1;1;1;1;1;1;1;1;1;1;1;1;1;1;1;1;1;1;1;1;1;1;1;1;1;1
48;1;1;1;1;1;1;1;1;1;1;1;1;1;1;1;1;1;1;1;1;1;1;2;2;2;1;1;1;2;2;2;2;2;2;2;2;2;2;2;2;2;2;2;2;2;2;2;2;1;1;1;1;1;1;1;1;1;1;1;1;1;1;1;1;1;1;1;1;1;1;1;1;2;2;2;2;2;2;2;2;2;2;1;1;1;1;1;1;1;1;2;2;2;2;2;2;2;2;2;2;2;2;2;2;2;2;2;2;2;2;2;2;2;2;2;2;2
49;2;2;2;2;2;2;2;2;2;2;2;1;1;1;1;1;1;1;1;2;2;2;2;2;2;2;2;2;2;2;2;1;1;1;1;1;1;2;2;2;2;2;2;2;2;1;1;2;2;2;2;1;1;1;1;1;1;1;1;1;1;1;1;1;1;1;1;1;1;1;1;1;2;2;2;2;2;2;2;2;2;2;1;1;1;1;1;1;1;1;1;1;1;1;1;1;1;1;1;1;1;1;1;1;1;1;2;2;2;2;2;2;2;1;1;1;1
50;2;2;2;2;2;2;1;1;1;1;1;1;1;1;1;1;1;1;1;1;1;1;1;2;2;2;2;2;1;1;1;1;1;1;1;1;1;1;1;1;1;1;1;1;1;1;1;1;1;1;1;1;1;1;1;1;1;1;1;1;1;1;1;1;1;1;2;2;2;2;2;2;2;2;2;2;2;2;2;2;2;2;2;2;1;1;1;1;1;2;2;2;2;2;2;2;2;2;2;2;2;2;2;2;2;2;2;1;1;1;1;1;1;1;1;2;2
51;2;2;2;2;2;2;2;2;2;2;2;2;2;2;2;1;1;1;1;1;1;1;1;2;2;1;1;1;1;1;1;1;1;1;1;1;1;1;1;1;1;1;1;1;1;1;1;1;1;1;1;1;1;1;1;2;2;2;2;2;2;2;2;1;1;1;2;2;2;2;2;2;2;1;1;2;1;2;2;2;2;2;2;2;2;2;2;2;2;2;1;1;1;1;1;1;1;1;1;1;1;1;1;1;1;1;1;2;2;2;2;2;2;2;2;2;2
52;2;2;1;1;2;2;2;2;2;2;2;2;2;2;2;2;1;1;1;1;1;1;1;1;1;1;1;1;1;2;2;2;2;2;2;2;2;2;2;2;2;2;2;2;2;2;2;1;1;1;1;2;2;2;2;2;2;2;2;2;2;2;2;2;2;2;1;1;1;1;1;1;2;2;2;2;1;1;1;1;1;1;2;2;2;2;2;1;1;1;1;1;1;1;1;1;1;1;1;1;1;1;1;1;1;1;1;1;1;1;1;1;1;1;1;2;2
53;1;1;1;1;1;1;1;1;1;1;1;1;1;1;1;1;1;1;1;2;2;2;2;2;1;1;1;1;1;2;2;2;2;2;2;2;2;2;2;2;2;2;2;2;2;2;1;1;1;1;1;1;1;1;1;1;2;2;2;2;2;2;2;2;2;2;2;2;2;2;2;2;1;2;2;2;2;2;2;2;2;2;2;2;2;2;1;1;1;1;2;2;1;1;1;1;1;1;1;2;2;2;2;2;2;2;2;1;1;1;1;1;2;2;2;2;2
54;1;1;1;1;1;1;1;1;1;1;1;1;1;1;1;1;1;1;1;1;1;1;1;1;1;1;1;1;1;1;2;2;2;2;1;1;1;1;1;1;1;1;1;1;1;1;1;1;1;1;1;1;1;1;1;1;2;2;2;2;2;2;2;2;2;2;1;1;1;1;1;1;2;2;2;2;2;2;2;2;2;2;2;1;1;1;1;1;1;1;1;1;1;1;1;1;1;2;2;2;1;1;1;1;1;1;1;1;2;2;2;2;2;2;2;2;2
55;1;1;1;1;1;1;1;1;1;1;1;1;1;1;1;1;1;1;1;1;1;1;1;1;2;2;2;2;1;2;2;2;2;2;2;2;2;1;1;1;1;2;2;2;2;2;2;1;1;1;1;1;1;1;1;1;1;1;1;2;2;2;1;1;1;1;1;1;1;1;1;1;2;2;2;2;2;2;2;2;2;2;2;2;2;2;2;2;2;2;1;1;1;1;1;1;1;2;2;2;2;2;2;2;2;2;2;2;2;2;2;2;2;2;2;2;1
56;1;1;1;1;2;2;2;2;2;2;2;2;2;2;2;1;1;1;1;1;1;1;1;1;1;1;1;1;1;1;1;1;2;1;1;1;1;1;1;1;1;1;1;1;2;2;2;2;1;1;1;1;1;1;1;1;1;1;1;1;1;1;1;1;1;1;1;1;1;1;1;1;2;2;2;2;2;2;2;2;2;2;2;2;2;2;2;2;2;2;1;1;1;1;1;1;1;1;1;1;1;1;1;1;1;1;1;1;1;1;1;1;1;1;1;1;1
57;2;2;2;2;2;2;2;2;2;2;2;2;2;2;2;2;2;2;2;2;2;2;2;2;2;2;2;2;2;2;2;2;2;2;2;2;1;1;2;1;1;1;1;1;1;1;1;1;1;1;1;1;1;1;1;1;1;1;1;1;1;2;2;2;2;2;2;2;2;2;2;2;2;2;2;2;2;2;2;2;2;2;2;2;1;1;1;1;1;2;1;2;2;2;2;2;2;2;2;2;2;2;2;2;2;2;1;1;1;1;1;1;1;2;2;2;2
58;1;1;1;2;2;2;2;2;2;2;2;2;2;2;2;2;2;1;1;1;1;1;1;1;1;1;1;2;2;2;2;2;2;1;1;1;1;1;1;1;1;1;1;1;1;1;1;1;1;1;1;1;1;1;1;1;1;1;1;1;1;1;1;NA;1;1;1;1;1;1;1;1;1;2;1;1;2;2;2;2;2;2;2;2;2;2;2;2;2;2;2;2;1;1;1;1;1;1;1;1;1;1;1;1;1;1;1;1;1;1;1;1;1;1;1;1;1
59;1;1;1;1;1;1;1;2;2;2;2;2;2;2;2;2;2;2;2;1;1;1;1;2;2;2;2;2;1;1;1;1;1;1;1;1;1;1;2;2;2;2;2;2;2;2;2;1;1;1;1;1;1;1;1;1;1;1;1;1;1;1;1;2;2;2;2;2;2;2;2;2;1;1;1;1;1;1;1;1;1;1;1;1;1;1;1;1;1;1;1;2;NA;NA;2;2;1;1;2;2;2;2;2;2;2;2;2;2;2;2;2;2;1;1;1;1;1
60;1;1;1;1;1;1;1;1;1;1;1;1;1;1;1;1;2;2;2;2;2;2;2;2;2;2;2;1;2;2;1;1;1;1;1;1;1;1;1;1;1;1;1;1;1;1;1;1;1;1;1;1;1;1;1;1;1;1;1;1;1;1;1;1;2;2;1;1;2;2;2;2;2;2;2;2;2;2;2;2;2;2;2;2;2;2;2;1;1;1;2;2;1;1;1;1;1;1;1;1;1;1;1;1;1;1;1;1;1;1;1;2;2;2;2;2;2
61;2;2;2;2;2;2;2;2;2;2;2;2;2;2;2;1;1;1;1;1;1;1;1;1;1;1;1;1;2;2;1;1;1;1;1;1;1;1;2;2;2;2;2;2;2;2;2;1;1;1;1;1;1;1;1;1;1;1;1;1;1;1;1;1;1;1;1;1;1;1;1;NA;2;2;2;2;2;2;2;1;1;1;1;1;1;1;1;1;1;2;1;1;1;1;1;1;1;1;1;1;1;1;1;1;1;1;1;1;1;1;1;1;1;1;1;1;2
62;2;2;2;2;2;2;2;2;2;1;1;1;1;1;1;1;1;1;1;1;1;1;1;1;1;1;1;1;2;2;2;2;2;2;1;1;1;1;1;1;1;1;1;1;1;1;1;2;2;2;2;2;2;1;1;1;1;1;1;1;1;1;1;1;1;1;1;1;1;1;1;1;1;2;2;2;2;2;2;2;2;1;1;2;2;2;1;2;2;2;1;1;1;1;1;1;1;1;1;1;1;1;1;1;1;1;1;1;1;1;1;1;1;2;2;2;2
63;1;1;1;1;2;2;2;2;2;2;2;2;1;1;1;1;1;1;1;1;1;1;1;2;2;2;2;2;1;1;1;1;1;1;1;1;1;1;1;2;2;1;1;1;1;2;1;2;2;2;2;2;2;NA;NA;1;1;1;2;2;2;2;2;2;2;2;2;2;2;2;2;2;1;1;1;1;1;1;1;1;1;1;1;1;1;1;1;1;2;2;1;1;1;1;NA;1;1;1;1;1;1;1;1;1;1;1;1;1;1;1;1;1;1;1;1;1;2
64;2;1;1;1;1;1;2;2;2;2;2;2;2;2;2;2;2;2;2;2;2;2;2;2;2;2;2;2;2;2;1;1;1;1;2;1;1;1;1;1;1;1;1;1;2;2;2;2;2;2;2;1;1;1;1;1;1;1;1;1;2;2;2;2;1;1;1;1;1;1;1;1;2;2;2;2;2;2;2;1;1;1;1;1;1;1;1;1;2;1;2;2;2;1;NA;1;1;2;2;2;2;2;2;2;2;2;1;1;1;1;1;1;1;1;1;1;1
65;1;1;1;1;1;1;1;1;1;1;1;1;1;1;1;1;1;1;1;1;1;1;1;2;2;2;2;2;2;2;2;2;2;2;2;2;1;1;1;1;1;1;1;1;1;1;1;1;1;1;1;1;1;1;1;1;1;1;2;2;2;2;2;2;2;2;2;2;2;2;2;1;2;2;2;2;2;2;2;2;2;2;2;2;2;2;1;1;1;1;1;1;1;1;NA;2;2;2;2;2;2;2;2;2;2;2;2;1;1;1;1;1;1;1;1;1;1
66;2;2;2;2;2;2;2;2;2;2;2;2;2;2;2;2;2;2;2;2;2;2;2;2;2;2;2;2;2;2;2;2;2;2;2;2;2;2;2;2;2;1;1;1;1;1;1;2;2;1;1;1;1;1;1;1;1;1;1;1;1;1;1;1;1;1;1;1;1;1;1;1;1;1;1;1;1;1;1;2;2;2;2;1;1;1;1;1;1;1;1;1;1;1;1;1;1;1;1;1;1;1;1;1;1;1;1;1;2;2;2;2;2;2;2;1;1
67;1;1;2;2;2;2;2;2;2;2;2;2;2;2;2;1;1;1;1;1;1;1;1;1;1;1;1;1;1;1;1;1;1;1;1;1;1;1;1;1;1;1;1;1;1;1;1;2;2;2;2;2;2;2;2;2;2;2;2;2;1;1;1;1;1;1;1;1;1;1;1;1;2;2;2;1;1;1;1;1;1;1;1;1;1;1;1;1;1;1;1;1;1;1;1;1;1;1;1;1;2;2;2;2;NA;1;1;1;1;1;1;1;1;1;1;1;1
68;1;2;2;2;2;1;1;1;1;1;1;1;1;1;1;1;1;1;1;1;1;1;2;2;2;1;1;1;1;1;2;2;2;2;2;2;2;2;2;2;2;2;2;2;2;2;2;2;1;1;1;1;1;1;1;1;1;1;1;1;1;1;1;1;2;1;1;1;1;1;1;1;1;1;1;1;2;2;2;2;2;2;2;2;2;2;2;2;1;1;1;1;1;1;1;1;1;1;1;1;1;1;2;2;2;1;1;1;1;1;1;1;1;2;2;2;2
69;2;2;2;2;2;2;2;2;2;1;1;1;2;2;2;2;2;2;2;2;2;2;2;2;2;2;2;2;2;2;2;2;2;2;2;2;2;2;2;2;2;2;2;2;1;1;1;1;1;1;1;1;1;1;1;1;1;1;1;1;2;2;2;2;2;2;2;2;2;2;2;2;1;1;1;1;1;1;2;2;2;2;2;2;2;2;2;2;2;2;2;2;2;2;2;2;2;2;2;2;2;2;2;2;2;2;2;1;1;1;1;1;1;1;1;1;1
70;2;1;1;1;1;1;1;1;1;1;1;1;1;1;2;2;2;2;2;1;1;1;1;2;2;2;2;2;2;2;2;2;2;2;2;2;2;2;2;2;2;2;2;2;2;2;2;2;2;2;1;1;1;1;2;2;2;2;2;2;2;2;2;2;2;2;2;2;2;2;2;2;2;2;2;2;2;2;2;2;2;1;1;1;1;1;1;1;1;2;2;2;1;1;2;2;2;2;2;2;2;2;2;2;2;2;2;2;1;1;1;1;1;1;1;1;1
71;2;2;2;2;2;2;2;2;2;2;2;1;1;1;NA;1;1;1;1;1;1;1;1;1;1;1;1;1;1;1;1;1;1;1;1;1;1;1;1;1;2;2;1;1;1;1;1;1;1;1;1;2;2;2;2;2;2;2;2;2;2;2;2;1;1;1;1;1;1;1;1;1;2;2;2;2;2;2;2;1;1;1;1;1;1;1;1;1;1;1;2;2;2;2;2;1;1;1;1;1;1;1;1;1;1;1;1;1;2;2;2;2;2;2;2;2;2
72;1;1;1;1;1;1;1;1;1;1;1;1;1;1;1;1;1;1;1;1;1;1;1;1;1;1;1;1;1;1;1;1;1;1;1;1;1;1;1;1;1;1;1;1;1;1;1;1;1;1;1;1;1;1;1;1;1;1;1;1;1;1;1;1;1;1;1;1;1;1;1;1;2;2;2;2;2;2;2;2;2;2;2;2;2;2;2;2;2;2;2;1;1;1;1;1;1;1;1;1;1;1;1;1;1;1;1;1;1;1;1;2;2;2;2;2;2
73;2;2;2;2;2;2;2;2;2;2;2;1;1;1;1;2;2;2;2;2;2;1;1;2;2;1;1;1;1;1;1;1;1;1;1;2;2;2;2;2;2;2;1;1;1;1;1;1;1;1;1;1;1;1;1;1;2;2;2;2;2;2;2;2;2;1;1;1;1;1;1;1;1;1;1;1;2;2;2;2;2;2;2;2;2;2;2;2;2;2;2;2;2;2;2;2;2;1;1;1;1;1;1;1;1;1;1;1;1;1;1;1;1;1;1;1;2
74;2;2;2;2;2;1;1;1;1;1;1;1;1;1;1;1;1;1;2;2;2;2;2;2;2;2;2;2;2;2;2;2;2;2;2;2;2;2;2;2;2;2;2;1;1;1;1;1;1;1;1;1;1;1;1;1;1;1;1;1;1;1;1;1;2;2;2;2;2;2;2;2;2;2;2;2;2;1;1;1;1;1;1;1;1;1;1;1;1;1;1;1;1;1;1;1;1;1;1;1;1;1;1;1;1;1;1;1;1;1;1;1;1;1;1;1;1
75;1;1;1;1;1;1;1;1;1;1;1;1;1;1;1;1;2;2;2;2;2;1;2;2;2;2;2;2;2;2;2;2;2;2;2;1;1;1;1;2;2;2;2;2;2;2;2;1;1;1;1;1;1;1;1;1;1;2;1;1;1;1;1;1;1;1;1;1;1;1;1;1;2;2;2;2;1;1;1;1;1;1;1;1;1;1;1;2;2;2;2;2;2;2;2;2;1;1;1;1;1;1;1;1;1;1;1;1;1;1;1;1;1;1;1;1;1
76;1;1;1;1;1;1;1;1;1;1;1;1;1;1;1;1;1;1;1;1;1;1;1;1;1;1;1;1;2;2;2;2;2;2;2;2;2;2;2;2;2;2;2;2;1;1;1;1;1;1;1;1;1;1;1;1;2;2;2;2;2;2;2;2;2;2;2;2;2;2;2;2;2;2;2;2;1;1;1;1;1;1;1;1;1;1;1;2;2;2;2;2;2;1;1;2;2;2;2;2;2;2;2;1;1;1;1;1;1;1;1;1;1;1;1;2;2
77;2;2;2;2;2;2;2;2;2;2;2;2;2;2;2;2;2;2;2;2;2;2;2;2;2;2;2;2;2;2;2;2;2;2;2;2;2;2;2;2;2;2;1;1;1;1;1;2;2;2;2;2;1;1;1;1;1;1;1;1;1;1;1;1;1;1;2;1;1;1;1;1;2;2;2;1;1;1;1;1;1;2;2;2;2;1;1;1;1;1;1;1;1;1;1;1;1;1;1;1;1;1;1;2;2;2;2;2;2;2;2;2;2;2;2;2;2
78;1;1;1;1;1;2;2;2;2;2;2;2;2;2;1;2;2;2;2;2;1;2;2;2;2;2;2;2;1;1;1;1;1;1;1;2;2;2;2;2;2;2;2;2;2;2;2;1;1;1;1;1;1;1;2;2;2;2;2;2;2;2;2;2;2;2;2;2;2;2;2;1;2;2;2;2;2;2;2;2;2;2;2;1;1;1;1;1;1;1;2;2;1;1;1;1;1;1;1;1;2;1;1;1;1;1;1;1;1;1;1;1;1;1;1;1;1
79;2;2;2;2;2;2;2;2;2;2;2;2;2;2;2;2;2;2;2;2;2;2;NA;2;2;2;NA;2;2;2;NA;2;2;2;2;2;2;2;1;2;2;2;2;2;1;1;1;1;1;1;1;1;1;NA;1;1;1;1;1;2;1;1;2;2;2;1;1;2;2;2;2;2;1;NA;1;1;1;1;1;1;1;1;1;1;1;1;1;2;2;2;1;1;1;1;2;2;2;2;2;NA;NA;2;2;2;2;2;2;1;2;2;2;2;2;2;2;2;2
80;2;2;2;2;2;2;2;2;2;2;2;2;2;2;2;2;2;2;2;2;2;2;2;2;2;2;2;2;1;1;1;1;1;1;1;1;1;1;1;1;1;1;1;1;1;1;1;1;1;2;2;2;2;2;2;2;2;2;2;2;2;2;2;1;1;1;2;2;2;2;2;2;1;2;2;2;2;2;1;1;1;1;1;1;1;2;2;2;2;1;1;1;1;1;1;1;1;1;1;1;1;2;2;2;2;1;1;1;1;1;1;1;1;1;1;1;2
81;1;1;1;1;1;2;2;2;2;2;2;2;2;2;2;2;2;2;2;2;2;2;2;2;2;2;2;2;2;2;2;2;2;1;2;2;2;2;2;2;2;2;2;2;2;2;2;1;1;1;1;1;2;2;2;2;2;2;2;2;2;2;2;2;2;2;2;2;2;2;2;2;1;1;1;1;1;1;1;1;1;1;1;1;1;1;1;1;1;1;2;2;2;2;2;1;1;1;1;1;1;1;1;1;1;1;1;1;1;1;1;1;1;1;1;1;2
82;1;1;1;1;1;2;2;2;2;2;2;2;2;2;2;2;2;2;2;2;2;2;2;2;2;2;2;2;1;1;1;1;2;2;2;2;2;2;2;1;1;1;1;1;2;2;2;2;2;2;2;2;2;2;2;2;2;2;2;2;2;2;2;2;2;1;1;1;1;1;1;1;1;1;1;1;1;1;1;1;1;2;2;2;2;2;2;2;2;1;1;1;1;1;1;1;1;1;1;2;2;2;2;2;2;1;1;1;1;1;2;2;2;2;2;2;1
83;2;2;2;1;1;1;1;1;1;1;1;1;1;1;1;2;2;1;1;1;1;1;1;1;2;2;2;1;2;2;2;2;2;2;2;1;1;1;1;1;1;1;1;1;1;1;1;1;1;1;1;1;1;1;1;1;1;1;1;1;1;1;1;1;1;1;1;1;1;1;1;1;1;1;1;1;2;2;2;2;2;2;2;1;1;1;1;1;1;1;2;2;2;2;NA;NA;2;2;1;1;1;1;2;1;1;1;1;1;1;1;1;1;1;1;2;2;2
84;2;2;2;2;2;1;1;1;1;1;1;1;1;1;1;1;1;2;2;2;2;2;2;2;2;2;2;2;2;2;2;2;2;2;1;1;1;1;1;1;1;1;1;1;1;1;1;2;2;2;1;1;1;1;2;2;2;2;2;2;2;2;2;2;2;2;2;2;1;1;1;1;2;2;2;2;2;2;2;2;2;2;2;2;2;2;2;2;2;2;1;1;1;2;2;2;2;2;2;2;1;1;1;1;1;1;1;1;1;1;1;1;1;1;1;1;1
85;2;2;2;2;2;2;2;2;2;2;2;2;2;2;2;2;2;2;2;2;2;2;2;2;2;2;2;2;1;1;1;1;1;1;1;1;1;1;2;2;2;2;1;1;1;1;1;1;1;1;1;1;1;1;1;1;1;1;1;1;1;1;1;1;1;1;1;1;1;1;1;1;2;2;2;2;2;2;2;2;2;1;2;2;2;2;2;2;2;2;1;1;1;1;1;1;1;1;2;2;2;2;2;NA;2;2;2;2;2;2;2;2;2;2;2;1;1
86;1;2;2;2;2;2;2;2;2;2;2;2;2;2;2;1;1;1;1;1;1;1;1;2;2;2;2;2;1;1;1;1;1;1;1;1;2;1;1;1;1;1;1;1;1;1;1;2;2;2;2;2;2;2;2;2;2;2;2;2;2;2;2;2;2;2;2;2;2;2;2;2;2;2;2;2;1;1;2;2;2;2;2;2;2;2;1;1;1;1;1;1;2;2;2;2;2;2;2;2;2;2;2;2;2;2;2;2;2;2;1;1;1;2;2;2;2
87;2;2;2;2;2;2;2;2;1;1;1;1;1;1;1;2;2;2;2;2;2;2;2;2;2;2;2;2;2;2;2;2;2;2;2;2;2;2;2;2;2;2;2;2;2;2;2;2;2;2;2;2;2;2;2;2;2;2;2;2;2;2;2;2;2;2;2;2;2;2;2;2;1;1;1;1;2;2;2;2;2;2;2;2;1;1;1;1;1;1;2;2;2;2;2;2;2;1;2;2;2;2;2;2;2;2;2;1;1;1;1;1;1;1;1;1;1
88;1;2;2;2;2;2;2;2;2;2;2;2;2;2;2;2;2;2;2;2;2;2;2;2;2;2;1;1;1;1;1;1;1;1;1;1;1;1;1;1;1;2;2;2;2;2;2;1;1;1;1;1;1;1;1;1;1;1;1;1;1;1;1;1;1;1;1;1;1;1;1;1;2;2;2;2;2;2;2;2;2;2;2;2;2;2;2;2;2;2;1;1;1;1;1;1;1;1;1;2;2;2;2;2;1;1;1;1;2;2;2;2;2;2;2;2;2
89;1;1;1;1;1;2;2;2;2;2;2;2;1;1;1;1;1;1;1;1;2;2;2;2;2;2;2;2;1;1;1;2;2;2;2;2;1;1;1;1;1;2;2;2;2;2;2;2;2;2;2;2;2;2;2;2;2;2;2;2;2;2;1;1;1;1;1;1;1;1;1;1;1;1;1;1;1;1;1;1;1;1;1;1;1;1;1;1;2;2;1;1;1;1;2;2;2;2;2;2;2;2;2;2;2;1;1;1;2;2;1;1;1;1;1;1;1
90;2;2;2;2;2;2;1;1;1;1;1;1;1;1;1;2;2;2;2;2;2;2;2;2;2;2;2;2;1;1;1;1;1;1;1;1;1;1;1;1;1;1;1;1;1;1;2;2;2;1;1;1;1;1;2;2;2;2;2;2;2;2;2;2;2;2;2;2;2;2;2;2;1;2;2;2;2;2;2;2;2;2;2;2;2;1;1;1;1;1;1;1;1;1;1;1;1;1;2;2;2;1;1;1;1;1;1;1;1;1;1;1;1;2;2;2;2
91;1;1;1;1;1;1;1;1;1;1;1;1;1;1;1;1;1;1;2;2;2;2;1;1;1;1;1;1;2;1;1;1;1;1;1;1;1;1;1;1;1;1;1;1;1;1;1;2;2;1;1;1;1;1;1;1;1;1;1;1;1;1;1;1;2;2;2;2;2;2;2;2;1;1;1;1;1;1;2;2;2;2;2;2;2;2;2;2;2;2;1;1;1;1;1;1;1;2;2;2;2;2;2;2;NA;NA;NA;1;1;1;1;2;2;2;2;2;2
92;1;1;1;1;1;1;1;1;1;1;1;1;2;2;2;2;2;2;2;2;2;2;2;2;2;2;1;1;1;1;1;1;1;1;1;1;1;1;1;1;1;1;1;1;1;1;1;1;1;1;1;1;1;1;1;1;1;1;1;1;1;1;1;2;2;2;1;1;1;1;1;1;2;2;2;2;2;2;2;2;2;2;2;2;2;2;2;2;1;1;1;1;1;1;1;1;1;1;1;1;1;2;2;1;1;1;1;1;2;2;2;2;2;2;2;2;2
93;2;2;2;2;2;2;2;2;2;2;2;1;1;1;1;2;2;2;2;1;1;1;1;1;1;1;1;1;1;1;1;1;1;1;1;1;1;1;2;2;2;2;2;2;2;2;2;1;2;2;2;2;2;2;2;2;2;2;2;2;2;2;1;1;1;2;2;1;1;1;1;1;1;1;1;1;1;1;1;1;1;1;2;2;2;2;2;2;2;2;2;2;2;1;1;2;2;2;2;1;1;1;1;1;1;1;1;1;1;1;1;1;1;1;1;1;1
94;2;2;2;2;2;2;2;1;1;1;1;1;1;1;1;1;1;1;1;1;1;1;1;1;1;1;1;1;2;2;1;1;1;2;2;2;1;1;1;1;1;1;1;1;1;1;1;2;2;2;1;1;2;1;1;1;1;1;1;1;1;1;1;1;1;2;2;1;1;1;1;1;1;1;1;1;1;1;1;1;1;1;1;1;1;1;1;1;1;2;1;1;1;1;1;1;1;1;1;1;1;1;1;1;1;1;1;2;2;2;2;2;2;2;2;1;1
95;1;1;1;1;1;1;1;1;1;1;1;1;1;1;1;1;1;1;1;1;1;1;1;1;1;1;1;1;1;1;1;1;1;1;1;1;2;2;2;2;2;2;2;2;1;1;1;1;1;1;1;1;1;1;1;1;1;1;1;1;1;1;1;1;1;1;1;1;1;1;1;1;1;1;1;1;1;1;1;1;1;1;1;1;1;1;1;1;1;1;1;1;1;1;1;1;1;1;1;1;1;1;1;1;1;1;1;1;1;1;1;2;2;2;2;2;1
96;1;1;1;1;1;1;1;1;1;1;1;2;2;2;2;2;2;2;2;2;2;1;1;1;1;1;1;1;2;2;2;2;2;2;2;2;2;2;2;2;2;2;2;2;2;2;2;1;1;1;1;1;1;1;1;1;1;1;1;1;1;1;1;1;1;1;1;1;1;1;1;1;1;1;1;1;1;1;1;NA;1;2;2;2;2;2;2;2;2;2;1;1;NA;1;1;1;1;1;1;2;1;1;1;1;1;1;1;1;1;1;1;1;1;1;1;1;2
97;1;1;1;2;2;2;2;2;2;1;1;1;1;1;1;1;1;1;1;1;2;1;1;2;2;2;2;2;1;1;1;1;1;1;1;1;1;2;2;2;2;2;2;2;2;2;1;1;1;1;2;2;2;2;2;2;2;2;2;2;2;2;2;2;2;2;2;2;2;2;2;2;2;2;2;2;2;2;1;1;1;1;1;1;1;1;1;1;1;1;2;2;2;2;2;2;2;2;2;2;2;NA;NA;1;1;1;1;1;1;1;1;1;1;1;2;2;2
98;1;1;1;1;1;1;1;2;2;2;2;2;2;2;2;2;2;2;2;2;2;1;1;1;1;1;1;1;2;2;2;2;2;2;2;2;2;2;2;2;2;2;1;1;1;1;1;1;1;1;1;2;2;2;2;2;2;2;2;2;2;2;2;2;2;2;2;2;2;2;2;2;1;1;2;2;2;2;2;2;2;2;2;1;1;1;1;1;1;1;2;2;2;1;1;1;1;1;1;2;2;1;1;1;1;2;2;2;2;2;2;2;2;2;2;2;2
99;2;2;2;2;2;1;1;1;2;2;2;2;2;2;2;2;2;2;2;2;2;2;2;2;2;2;2;2;2;2;2;2;2;2;2;2;2;2;2;2;2;1;1;1;1;1;1;NA;NA;1;1;2;2;2;2;2;2;2;2;2;2;2;2;2;2;2;1;1;1;1;1;1;1;1;1;1;1;1;1;1;1;1;1;1;1;1;1;1;1;1;2;1;1;1;1;2;2;2;2;2;1;1;1;1;1;1;1;1;1;1;1;1;1;1;1;1;1
100;1;1;1;1;2;2;2;2;2;1;1;2;2;2;1;1;1;1;1;1;1;1;2;2;2;2;2;2;2;2;2;2;1;1;1;1;1;1;2;2;2;2;2;2;2;2;2;1;1;1;2;2;2;2;2;2;2;2;2;2;2;2;2;2;2;2;2;2;2;2;2;2;2;2;2;2;2;1;1;1;2;2;2;2;2;2;1;1;1;1;1;1;1;2;2;2;2;2;2;2;2;2;2;2;1;1;1;1;1;1;1;1;1;1;1;1;1
101;2;2;2;2;2;1;1;1;1;1;1;1;1;1;1;1;1;1;1;1;1;2;2;2;2;2;2;2;1;2;2;2;2;2;2;2;2;2;2;2;2;2;2;1;1;1;1;2;2;2;1;1;1;1;1;1;1;1;1;1;1;2;2;2;2;2;2;2;2;2;2;2;2;2;2;2;2;2;2;2;2;2;2;2;2;2;2;2;2;2;1;1;1;1;1;1;1;1;1;1;1;1;1;1;1;1;1;1;1;1;1;1;1;1;1;2;2
102;1;1;1;1;1;2;2;2;1;1;1;1;1;1;1;1;1;1;1;1;1;1;1;2;2;2;2;2;2;1;1;1;1;1;1;1;1;1;1;1;1;2;2;2;2;2;2;2;2;2;2;2;2;2;2;2;2;1;1;1;1;1;1;1;1;1;1;1;2;2;2;2;2;2;2;2;2;2;2;NA;2;2;2;2;2;2;2;2;2;2;2;2;2;2;NA;2;2;2;2;2;2;2;2;2;2;2;2;1;2;2;2;2;2;2;2;2;2
103;1;1;1;1;1;1;1;1;2;2;2;2;2;2;2;2;1;1;1;1;1;1;1;1;1;1;1;2;2;2;2;2;2;2;2;2;2;1;1;1;1;1;1;1;1;1;1;1;1;1;1;1;1;1;1;1;1;1;1;1;1;1;1;1;1;1;2;2;2;2;2;2;2;2;2;2;1;1;1;1;1;1;1;1;1;1;1;1;1;1;2;2;1;1;1;1;1;1;1;1;1;1;1;1;1;1;1;1;1;1;1;1;1;2;2;2;1
104;2;2;2;2;2;2;2;2;2;2;2;2;1;1;1;1;1;1;1;1;1;1;1;1;1;1;1;1;1;1;1;1;1;1;1;1;1;1;1;2;2;2;2;2;2;2;2;1;1;1;1;1;1;1;1;1;1;1;1;1;1;1;1;1;1;1;1;1;1;1;1;1;1;1;1;1;1;1;1;1;2;2;1;1;1;2;2;2;2;2;1;1;1;1;1;1;1;1;1;1;1;1;1;1;1;1;1;1;1;1;1;1;1;1;1;1;1
105;2;2;2;2;2;2;2;2;2;2;2;2;2;2;2;2;2;2;2;2;1;1;1;1;1;1;1;1;2;1;1;1;1;1;1;1;1;1;1;1;1;1;1;1;1;1;1;1;1;1;1;1;1;1;1;1;1;1;1;1;1;1;1;1;1;1;1;1;1;1;1;1;1;1;1;1;1;1;1;1;1;1;1;2;2;2;2;2;2;2;1;1;1;1;1;1;1;2;2;2;2;2;2;2;1;1;1;1;1;1;2;2;2;2;2;2;2
106;2;2;2;2;2;1;1;1;1;2;2;2;2;2;1;1;1;1;1;1;1;2;2;2;2;2;2;2;2;2;2;2;2;2;2;2;2;1;1;1;1;2;2;2;2;2;2;2;2;NA;2;2;2;1;1;1;1;1;1;1;1;1;1;1;1;1;1;1;1;2;2;1;2;2;2;2;2;2;2;1;1;1;1;1;1;1;1;1;2;2;1;1;1;1;1;1;1;1;1;1;1;1;1;1;1;1;1;1;2;2;2;2;2;2;2;2;2
107;1;1;1;1;1;1;1;1;1;1;1;2;1;1;1;1;2;2;2;2;2;2;2;2;2;2;2;2;2;2;2;2;2;2;2;2;2;2;2;2;2;2;2;2;2;2;2;1;1;1;1;1;1;1;1;1;1;1;1;1;1;1;1;2;2;2;2;2;2;2;2;2;1;1;1;1;1;1;1;1;1;1;1;1;1;1;1;2;2;1;1;1;1;1;1;1;1;2;2;2;2;2;2;1;1;1;2;2;1;2;2;2;2;2;2;2;1
108;1;1;1;1;1;1;1;1;1;1;1;1;NA;2;2;2;1;1;1;1;1;1;1;1;1;1;1;1;2;2;2;2;2;2;1;1;1;1;1;1;1;1;1;1;1;1;1;1;2;1;2;2;2;2;2;2;2;2;2;2;2;2;2;2;2;1;1;1;1;1;1;1;1;1;1;1;2;2;2;2;2;2;2;2;2;2;2;2;2;1;1;1;1;1;1;1;1;1;1;1;1;2;2;2;2;2;2;1;2;2;2;2;1;1;1;1;1
109;2;1;1;1;1;1;1;1;1;1;1;1;1;1;1;1;1;1;1;1;2;2;2;2;2;2;2;2;2;1;1;1;1;1;1;1;2;2;2;2;2;2;2;2;2;2;2;2;2;2;1;2;1;1;1;1;1;1;NA;1;1;1;1;1;1;2;2;2;2;2;2;2;2;2;2;2;2;2;2;2;2;2;2;2;2;2;2;2;2;2;2;2;2;2;2;1;1;1;1;1;1;1;1;1;1;1;1;1;1;1;1;1;1;1;1;1;1
110;2;2;2;2;2;2;2;2;2;2;2;1;1;1;1;1;1;1;1;1;1;2;2;2;2;2;2;2;2;2;2;2;2;2;2;2;2;2;2;2;2;2;2;2;2;2;1;2;2;2;2;2;2;2;2;2;2;2;2;2;2;NA;2;2;2;2;2;2;2;2;2;2;2;2;2;2;2;2;2;2;2;2;2;2;2;1;1;1;1;1;2;2;2;2;2;2;2;2;2;1;1;1;1;1;1;1;1;1;1;1;1;1;1;1;1;2;2
111;1;1;1;1;1;1;1;2;2;1;1;2;2;2;2;2;1;1;1;1;1;1;1;1;1;1;1;1;1;1;2;2;2;2;2;2;2;2;2;2;2;1;1;1;1;1;2;1;1;1;1;1;1;1;1;1;1;1;1;1;1;1;1;1;1;1;1;1;2;2;2;2;1;1;1;1;1;1;1;1;1;1;1;1;1;1;1;1;2;2;1;1;1;1;1;1;1;1;2;2;2;2;2;2;2;2;2;2;2;2;2;2;2;2;1;1;1
112;1;2;2;2;2;2;2;2;2;2;2;2;2;2;1;1;1;1;1;1;1;1;1;1;1;1;1;1;2;2;2;2;2;2;2;2;2;1;1;1;1;1;1;1;1;1;1;1;1;2;2;2;2;2;2;2;2;1;1;1;1;1;1;1;1;1;1;1;2;2;2;2;2;2;2;2;2;2;2;2;2;2;2;2;2;2;2;2;2;1;2;2;2;1;1;1;2;2;1;2;2;2;2;2;2;2;2;2;2;2;2;2;2;2;2;2;1
113;2;1;1;1;1;1;1;1;1;1;1;1;1;1;1;1;1;1;1;1;1;1;1;1;1;1;2;2;2;2;2;2;2;2;2;2;2;2;2;2;1;1;1;1;1;1;1;1;1;1;1;1;1;1;1;NA;NA;2;2;2;2;1;1;1;1;1;1;1;1;1;1;1;2;1;1;1;1;1;1;1;1;1;1;1;1;1;2;2;2;2;1;1;1;1;1;1;1;1;1;1;1;1;1;2;2;2;2;2;2;2;2;2;2;2;2;2;2
114;2;2;2;2;2;2;2;2;2;2;2;2;2;2;2;1;1;1;1;1;1;2;2;2;2;2;2;2;2;2;2;2;2;2;2;2;2;2;2;1;2;2;2;2;2;2;2;1;1;1;1;1;1;1;1;1;1;1;1;1;1;2;2;2;2;2;2;2;2;2;1;1;2;2;2;1;2;2;2;2;2;2;2;2;2;2;2;2;2;2;2;2;2;2;2;2;2;2;2;2;2;2;2;2;2;2;2;2;2;1;1;1;1;2;2;2;2
115;2;2;2;2;2;2;2;2;2;2;2;2;2;2;2;2;2;2;2;2;2;2;2;2;2;2;2;2;1;1;1;1;1;1;1;1;1;1;1;1;1;1;1;1;1;1;1;2;2;2;2;1;1;1;1;1;1;1;1;1;1;1;1;1;1;1;1;1;1;1;2;2;1;1;1;1;1;1;2;2;2;2;2;2;2;1;1;1;1;1;2;2;1;1;1;1;1;1;1;1;1;1;1;1;1;1;1;1;1;1;1;1;1;1;1;1;1
116;1;1;1;1;1;1;1;1;2;2;2;1;2;2;2;2;1;1;1;1;1;1;1;1;NA;NA;NA;NA;2;2;2;2;2;2;1;1;1;1;1;1;1;1;2;1;1;1;1;1;1;1;1;1;1;1;2;2;2;2;2;2;2;2;2;2;1;1;1;1;1;1;1;1;1;1;1;1;1;1;1;1;1;1;1;1;1;1;1;1;1;1;2;2;2;2;2;2;2;2;2;2;2;2;2;2;1;1;1;1;1;1;1;1;1;1;1;1;1
117;1;1;1;1;1;1;1;1;1;1;1;1;1;1;1;1;1;1;1;1;1;2;2;2;2;2;2;2;2;2;1;1;1;1;1;1;1;1;1;1;1;1;1;1;1;1;1;1;1;1;1;1;1;1;2;2;2;1;1;2;2;2;2;2;2;2;2;2;2;2;2;2;2;2;1;1;1;1;1;1;1;1;1;1;1;1;1;1;2;2;2;2;2;2;2;2;2;2;1;1;1;1;1;1;2;2;2;2;1;1;1;1;1;2;2;2;2
118;1;1;2;2;2;2;1;2;2;NA;NA;2;2;2;2;2;2;2;2;2;1;1;1;1;1;1;1;1;NA;1;1;1;1;1;1;1;1;1;1;1;1;2;2;2;2;2;2;2;2;2;2;2;2;2;2;2;NA;2;1;1;1;1;1;1;1;1;NA;1;1;NA;1;1;1;1;1;1;1;1;1;1;1;1;1;1;1;1;1;1;1;1;1;1;1;1;1;1;1;1;1;1;1;NA;1;1;1;1;1;1;NA;1;1;1;1;2;2;2;2
119;1;1;1;1;1;2;2;2;2;2;2;2;1;NA;1;1;1;1;1;1;1;1;1;1;1;1;1;1;1;1;1;1;1;1;1;1;1;1;1;1;1;1;1;1;1;1;1;2;2;2;2;2;2;2;2;2;2;2;2;2;2;2;2;2;2;2;2;2;2;2;1;1;1;2;2;2;2;2;2;2;2;2;2;2;2;2;2;2;2;2;1;1;1;1;1;1;1;1;1;1;1;1;2;2;2;2;2;2;1;1;1;1;1;1;1;1;1
120;2;2;2;2;2;2;2;2;2;1;1;1;1;1;1;1;1;1;1;1;1;1;1;1;1;1;1;1;1;1;1;1;1;1;1;1;1;2;2;2;2;2;2;1;1;1;1;2;2;2;2;2;2;1;1;1;1;1;1;1;2;2;2;2;2;2;2;2;2;2;2;2;1;1;1;1;1;1;1;1;1;1;1;1;1;1;1;1;1;1;1;1;1;1;1;1;1;1;2;2;2;2;2;1;1;1;1;1;2;2;2;2;1;1;1;1;1
121;1;1;1;1;1;2;2;2;2;2;2;2;2;2;2;2;2;1;1;1;1;1;1;1;1;1;1;2;1;1;1;1;1;2;2;2;2;2;2;2;2;2;2;2;1;1;1;2;2;2;2;2;2;2;2;2;2;2;1;1;1;1;1;1;1;1;1;1;1;1;1;1;1;2;2;2;2;2;2;2;1;1;1;1;1;1;1;1;1;1;1;1;1;1;1;1;1;1;1;1;1;1;1;1;2;2;2;2;2;2;1;1;1;1;1;1;1
122;1;2;1;1;1;1;1;1;1;1;1;1;1;1;1;1;1;1;1;1;1;1;1;2;2;2;2;2;1;2;2;2;2;2;2;2;2;2;2;2;2;2;2;2;2;2;2;2;2;2;2;2;2;2;1;1;1;1;1;1;1;1;1;1;1;1;1;1;1;1;1;1;1;1;1;1;2;2;2;2;2;2;2;2;2;1;2;1;1;1;2;2;2;2;2;2;2;1;1;1;1;1;1;1;1;1;1;1;1;2;2;2;2;2;2;1;1
123;1;1;1;1;1;1;1;1;1;1;1;1;1;1;1;1;1;1;1;1;1;1;1;1;1;1;1;1;1;1;1;1;1;1;1;1;1;1;1;1;2;1;1;1;1;1;1;1;1;1;1;1;1;1;1;1;1;1;1;1;1;1;1;1;1;1;1;1;1;1;1;1;1;1;1;2;2;2;2;2;2;2;2;2;2;2;2;2;1;1;2;1;1;1;1;1;1;1;1;1;1;1;1;1;1;1;1;1;1;1;1;1;1;1;1;1;1
124;2;2;2;2;2;2;2;2;1;1;1;1;1;1;1;1;1;1;1;1;1;1;1;1;1;1;1;1;2;1;1;1;1;1;1;1;1;2;2;2;2;2;2;1;1;1;1;2;2;2;1;1;1;1;1;1;1;1;1;1;1;1;1;1;1;1;1;1;1;1;2;2;1;1;1;1;1;1;1;1;1;2;2;2;2;2;2;2;2;1;1;1;1;1;1;1;1;1;1;1;1;1;1;1;1;1;1;1;1;1;1;1;1;1;1;1;1
125;2;1;1;1;1;1;1;1;1;1;1;2;2;2;2;2;2;2;2;2;2;2;2;2;2;2;2;2;2;2;2;2;2;2;2;2;2;1;1;1;1;1;1;1;1;1;1;1;1;1;1;1;1;1;1;1;1;1;1;2;2;2;2;2;2;2;2;2;2;2;2;2;2;2;2;2;2;2;2;1;1;1;1;1;1;1;1;1;1;1;2;2;2;2;2;2;2;2;2;2;2;2;2;1;1;1;1;1;1;1;1;1;1;1;1;1;1
126;2;2;2;2;2;2;2;2;2;2;2;2;1;1;1;1;1;1;1;1;2;2;2;2;2;2;2;2;1;1;1;1;1;1;1;1;1;1;1;1;2;2;2;2;2;1;1;1;1;1;1;2;2;2;2;2;2;2;2;2;2;2;2;2;2;2;2;2;2;2;2;2;1;2;2;2;2;2;2;2;2;2;2;1;1;1;1;1;1;1;1;1;1;1;1;1;1;1;1;1;2;2;1;2;2;1;1;1;1;1;2;2;2;1;1;1;1
127;2;2;1;1;1;1;1;1;1;1;1;2;2;2;2;2;2;2;2;2;2;2;2;2;2;2;2;2;1;1;1;1;1;1;1;2;2;2;2;2;2;2;2;1;1;1;2;2;2;NA;2;2;2;2;2;2;2;2;2;2;2;2;2;2;2;2;2;2;2;2;2;2;1;1;1;1;1;2;2;2;2;2;2;2;2;2;2;2;2;2;1;1;2;2;2;2;2;2;1;1;1;1;2;2;2;2;2;2;2;1;1;1;1;1;1;1;1
128;2;2;2;2;2;2;2;2;2;2;2;1;1;1;1;1;1;1;1;1;2;1;1;1;1;1;1;1;1;1;1;1;1;1;1;1;1;1;1;1;1;1;1;1;1;1;1;2;2;2;2;2;2;2;2;2;2;2;2;2;2;2;2;2;2;2;2;2;2;2;2;2;2;2;2;2;2;2;2;2;2;2;2;2;2;2;2;2;2;1;2;2;2;1;1;1;1;1;1;1;1;1;1;1;1;1;1;1;1;1;1;1;1;1;1;1;1
129;1;1;1;1;1;1;1;1;1;1;1;1;1;1;1;1;1;1;1;1;1;1;1;1;1;1;1;1;2;2;2;2;2;2;2;2;2;2;2;2;2;2;2;2;2;2;2;1;1;1;1;1;1;1;1;1;1;1;1;1;2;2;2;2;2;2;2;2;2;2;2;2;2;1;1;1;1;1;1;1;1;1;1;1;1;2;2;2;2;2;1;1;1;1;1;1;1;1;1;1;2;2;2;2;2;2;2;2;2;2;2;2;2;2;2;2;2
130;1;1;1;1;1;1;1;1;1;1;2;2;2;2;2;2;2;2;2;2;2;2;2;2;2;2;2;2;1;1;1;1;1;1;1;1;1;1;1;1;1;1;1;2;2;2;2;1;1;1;1;1;1;1;1;1;1;1;1;1;2;2;2;2;2;2;2;2;2;2;2;1;2;2;2;2;2;2;2;2;2;2;2;2;2;2;2;2;2;2;2;2;2;1;1;1;1;1;1;2;2;2;2;2;2;2;2;2;2;2;2;2;2;2;2;2;2
131;1;1;1;1;1;1;1;1;1;1;1;2;2;2;2;2;2;2;2;2;1;1;1;2;2;1;1;1;2;2;2;2;2;2;2;2;2;2;2;2;2;2;2;2;2;2;2;1;1;1;2;NA;2;2;2;2;2;2;2;2;2;2;2;2;2;2;2;2;2;2;2;2;2;1;1;1;1;1;1;1;1;1;1;1;1;1;2;2;2;2;1;1;1;1;1;1;1;1;1;1;2;2;2;2;2;2;2;2;2;1;1;1;1;1;2;NA;1
132;2;2;2;2;2;2;2;2;2;2;2;2;2;2;2;2;2;2;2;2;2;2;2;2;2;2;2;1;1;1;1;2;2;2;2;1;1;1;1;1;1;1;1;1;1;1;1;1;1;1;1;1;1;1;1;1;1;1;1;1;1;1;1;1;1;1;2;2;2;2;2;2;1;2;2;1;1;1;1;1;1;1;1;1;1;1;1;1;1;1;1;1;1;1;1;1;1;1;1;1;1;2;2;2;1;1;2;1;1;1;1;1;1;1;1;1;1
133;2;2;2;2;2;2;2;2;2;2;2;1;1;2;2;1;1;1;1;1;1;1;1;1;1;1;1;2;2;2;2;1;1;1;1;1;2;2;1;1;1;1;1;1;1;2;2;1;1;1;1;1;1;1;1;1;1;1;1;1;1;1;1;1;1;1;1;1;1;1;1;1;1;1;1;2;2;2;2;2;2;2;2;2;2;2;2;2;2;2;1;1;1;1;1;1;1;1;1;1;1;1;1;1;2;2;2;1;1;1;1;1;1;1;1;1;1
134;1;1;1;1;1;1;1;2;2;2;2;2;2;2;2;2;1;1;2;2;1;1;1;1;1;1;1;1;2;2;2;2;2;1;1;1;2;2;2;2;2;2;2;1;2;2;2;1;1;1;1;1;1;1;1;1;1;1;2;2;1;1;1;1;1;2;1;1;1;2;2;2;2;2;1;2;2;2;2;2;2;2;2;2;2;2;2;2;1;1;1;1;1;1;1;1;1;1;1;1;1;1;1;1;1;1;2;2;2;2;2;2;2;2;2;2;1
135;2;2;2;2;2;2;2;2;1;1;1;1;2;2;1;1;1;1;1;1;1;1;1;1;1;1;1;1;1;1;1;1;1;1;1;1;1;1;1;1;1;1;1;1;1;1;2;2;1;1;1;1;1;1;1;1;1;1;1;1;1;1;1;1;1;1;2;2;2;2;2;2;2;2;2;2;2;2;2;2;2;2;2;2;2;2;2;2;2;1;2;2;2;2;1;1;1;1;1;1;1;1;1;1;1;1;1;1;1;1;1;1;1;1;1;1;1
136;1;2;2;2;2;1;1;1;1;1;1;1;1;1;2;2;1;1;1;1;1;1;1;1;1;1;1;1;2;2;2;2;2;2;2;2;2;2;2;1;1;1;1;1;1;1;1;2;2;1;1;1;1;1;2;2;2;2;1;1;1;1;1;1;1;1;1;1;1;1;1;1;1;1;1;1;1;1;1;1;1;1;1;1;1;2;2;2;1;1;1;1;1;1;1;1;1;1;1;1;1;1;1;1;1;1;1;1;1;1;1;1;2;2;2;2;2
137;2;2;2;2;2;2;2;2;2;2;2;1;1;1;1;1;1;1;1;1;1;1;1;1;1;1;1;1;1;1;1;1;1;1;1;1;1;1;1;1;1;1;1;1;1;1;1;2;2;2;2;2;2;2;2;2;2;2;2;2;1;1;1;2;2;2;2;2;2;2;2;2;2;2;2;1;1;1;1;1;1;1;1;1;1;1;1;1;2;2;1;1;1;1;1;1;1;2;1;1;1;1;1;1;2;2;2;2;2;2;2;2;2;2;2;2;2
138;2;2;2;2;2;2;2;2;2;1;1;1;2;2;2;2;2;2;2;2;2;2;2;2;2;2;2;2;1;1;1;1;1;1;1;1;1;2;2;2;2;2;2;2;2;2;2;2;2;2;2;2;2;2;2;2;2;2;2;2;2;2;2;2;2;1;1;1;1;1;1;1;1;1;1;1;1;1;1;1;1;1;1;1;1;1;1;1;1;1;2;2;2;2;2;2;2;2;2;2;2;2;2;2;2;2;2;1;1;1;1;1;1;2;2;2;2
139;1;1;1;1;1;1;1;1;1;2;2;2;2;2;2;2;2;2;2;1;1;1;1;1;1;1;1;1;1;1;1;1;1;1;1;1;1;1;1;1;1;1;1;1;1;1;1;2;2;1;1;1;1;1;1;1;1;1;1;1;1;1;1;1;1;1;1;1;1;2;2;2;2;2;2;2;2;2;2;2;2;2;2;2;2;2;2;2;2;2;1;1;1;1;1;1;1;1;1;1;1;1;1;1;2;2;2;2;2;2;2;2;2;2;2;1;2
140;1;1;1;1;1;1;1;2;2;2;2;2;2;2;2;2;2;2;2;2;1;1;1;2;2;2;2;2;2;1;1;2;2;2;2;1;1;1;1;1;1;1;1;1;1;2;2;1;1;1;1;2;1;1;1;1;1;1;1;1;1;1;1;2;2;2;2;2;2;2;2;2;2;2;2;2;2;2;2;1;1;1;1;1;1;1;1;1;1;1;1;1;1;1;1;1;1;1;1;1;1;1;1;1;1;1;1;1;1;1;1;1;1;1;1;1;1
141;2;2;2;2;2;2;2;2;2;2;2;2;2;2;2;2;2;2;2;2;2;2;2;2;2;2;2;2;1;1;2;2;2;2;1;1;1;1;1;1;1;1;1;1;1;1;2;2;2;2;2;2;1;1;1;1;1;1;1;1;1;1;1;1;1;2;2;2;2;2;2;2;2;2;2;2;2;2;2;2;2;2;2;2;1;1;1;1;1;1;2;2;2;2;2;1;1;1;1;1;1;1;1;1;1;1;1;1;1;1;1;1;1;1;1;1;1
142;2;2;2;2;2;2;2;2;1;2;2;2;2;2;2;2;1;1;1;2;1;1;1;1;1;1;1;1;2;2;2;2;2;2;2;2;2;2;2;2;1;1;1;1;1;1;2;1;2;2;2;2;2;2;2;2;1;1;1;2;2;2;2;2;2;2;2;2;2;2;2;2;1;1;2;2;2;1;1;1;1;1;1;1;1;1;1;1;1;1;2;2;2;1;1;1;1;1;1;2;2;1;1;1;1;1;1;1;1;1;1;1;1;1;1;1;1
143;2;2;2;2;2;2;2;2;2;2;2;1;1;1;1;1;1;1;1;1;1;1;1;1;1;1;1;1;1;1;2;2;2;2;2;2;2;2;2;2;2;2;2;2;2;2;2;1;1;1;1;1;1;1;1;2;2;2;2;2;2;2;2;2;2;2;2;2;2;2;2;2;2;2;2;2;2;2;2;2;2;2;2;1;1;1;1;1;1;2;1;1;1;1;1;1;2;2;2;1;1;1;1;1;1;1;1;1;1;1;1;1;2;1;1;1;2
144;2;2;2;2;2;2;2;2;2;1;1;2;2;2;2;2;2;2;2;2;2;2;2;2;2;2;2;2;2;2;2;2;2;2;2;2;1;1;1;1;1;1;1;1;1;2;2;1;1;1;1;2;2;2;1;1;1;1;1;1;1;1;1;1;1;1;1;1;1;1;1;1;1;1;1;1;1;1;1;1;1;1;1;1;1;1;1;1;1;1;2;2;2;2;2;2;2;2;2;2;2;2;1;1;2;2;1;1;1;2;2;2;2;2;2;2;2
145;2;2;2;2;2;2;2;2;2;2;2;2;2;2;1;1;1;1;1;1;2;2;2;2;2;2;2;1;1;2;2;2;2;2;2;2;2;2;2;2;2;1;1;1;1;1;1;1;1;1;1;1;1;1;1;1;1;1;1;1;2;2;2;2;2;2;2;2;2;2;2;2;1;1;1;1;1;1;1;2;2;2;2;2;2;1;1;1;1;2;1;1;1;1;1;1;1;1;1;1;1;1;1;1;1;1;1;1;1;1;1;1;1;1;1;1;1
146;2;2;2;2;2;2;2;2;2;2;2;1;1;1;1;2;1;1;1;1;1;2;2;2;2;2;2;2;1;1;1;1;1;1;1;1;1;1;1;1;1;1;1;1;1;1;1;2;2;2;2;2;2;2;2;2;2;2;2;2;2;2;2;2;2;2;2;2;2;2;2;2;2;2;2;2;2;1;1;1;1;1;1;1;1;1;1;1;1;1;1;1;1;1;1;1;1;1;1;1;1;1;1;1;1;1;1;1;1;1;1;1;1;1;1;1;1
147;2;2;1;1;1;2;2;2;2;2;2;2;2;2;2;2;2;1;1;1;1;1;1;2;2;2;2;1;2;2;2;2;2;2;2;2;2;2;2;2;2;2;1;1;1;1;2;1;1;1;1;1;1;1;1;1;1;1;1;1;1;1;1;1;1;1;1;1;1;1;1;1;2;2;2;2;2;2;2;2;2;1;1;1;1;2;2;2;2;2;1;1;1;1;1;2;2;2;2;2;2;2;2;2;2;2;2;2;2;2;2;2;2;1;1;1;1
148;1;2;2;2;2;2;2;2;2;2;2;2;2;2;2;2;1;1;1;1;1;1;1;1;2;2;2;2;1;2;1;1;1;1;1;1;1;1;1;1;1;1;1;1;1;2;2;2;2;2;2;2;2;2;2;2;2;2;2;2;2;2;2;2;2;2;2;2;2;2;2;2;1;1;1;1;1;1;1;1;1;1;2;1;1;1;1;2;2;2;2;2;2;2;2;2;2;2;2;2;2;2;2;1;1;1;1;1;1;1;1;1;1;1;1;1;1
149;1;1;1;2;2;2;2;2;2;2;2;2;1;1;1;1;1;1;1;1;1;1;1;1;1;1;1;1;1;1;1;1;1;1;1;1;1;1;1;1;1;1;2;2;2;2;2;1;1;1;1;1;1;1;2;2;2;2;2;2;2;2;1;1;1;1;1;1;1;1;1;1;1;1;1;1;1;1;1;1;1;1;2;2;2;2;2;2;2;2;1;1;1;1;1;1;1;1;1;1;1;1;2;2;1;1;1;1;1;1;1;1;1;1;1;1;1
150;2;2;2;2;2;2;2;2;2;2;2;2;2;2;2;2;2;1;1;1;1;1;1;1;1;1;1;1;2;2;2;2;2;2;2;1;1;1;1;1;1;1;1;1;2;2;2;1;1;1;1;1;1;1;1;1;1;1;1;1;1;1;1;1;1;1;1;1;1;1;1;1;1;1;1;1;1;1;1;1;1;1;1;1;1;1;1;1;1;1;2;2;1;1;1;1;1;1;1;2;2;2;2;1;1;1;1;1;1;1;1;1;1;1;1;1;1
151;1;2;2;1;1;1;1;1;1;2;2;2;2;2;2;2;2;2;2;1;1;2;2;2;2;2;2;1;2;2;2;2;2;1;1;1;1;1;2;2;2;2;1;1;1;1;1;1;1;1;1;1;1;1;1;1;1;1;1;1;1;1;1;2;2;2;2;2;2;2;2;2;2;1;1;1;1;1;NA;NA;2;2;1;1;1;1;1;1;2;2;2;2;2;2;2;2;2;2;2;2;2;2;2;1;1;1;1;1;1;1;1;1;1;1;1;2;2
152;2;2;2;2;2;2;2;1;1;1;1;1;1;1;1;1;2;2;2;2;2;1;1;2;2;2;2;2;2;2;2;1;1;1;1;1;1;1;1;1;1;1;1;1;1;1;1;1;1;1;1;1;1;1;1;1;1;1;NA;1;1;1;1;2;1;1;1;1;1;1;2;2;1;2;2;2;2;2;2;2;2;1;1;1;1;1;1;2;2;1;1;1;1;1;1;1;1;1;1;2;2;2;2;1;2;2;2;2;2;2;2;1;1;1;1;1;1
153;2;2;2;2;2;2;2;2;2;2;2;2;2;2;2;2;2;2;1;1;1;1;1;1;2;2;2;2;2;2;2;2;2;2;2;2;2;2;1;1;1;1;1;1;1;1;1;1;1;1;1;1;1;1;1;1;1;1;1;1;1;1;1;1;1;1;1;1;1;1;1;1;2;2;2;2;2;2;2;2;2;2;2;2;1;1;1;2;2;2;1;1;1;1;1;1;1;1;1;1;1;1;1;1;1;1;2;2;2;2;2;2;2;2;2;2;1
154;2;2;2;2;2;2;2;2;2;2;2;2;2;2;2;2;2;2;2;2;2;2;2;2;2;2;1;1;2;2;2;2;2;1;1;2;2;2;1;1;1;1;1;2;2;2;2;1;1;1;1;1;1;1;1;1;1;1;2;2;2;2;2;2;2;2;2;2;2;1;1;1;1;1;1;1;1;1;1;1;2;2;2;2;2;2;2;2;2;2;1;1;1;1;1;1;1;1;1;1;1;1;1;1;1;1;1;1;1;1;1;1;1;1;1;1;1
155;2;1;2;2;2;2;2;2;2;2;2;2;2;2;2;2;2;2;2;2;2;2;2;2;2;2;2;2;1;1;2;2;2;2;2;2;2;2;2;2;2;2;2;2;2;1;1;1;1;1;1;1;1;1;1;1;1;1;1;1;1;1;1;1;1;1;1;1;1;1;2;2;1;1;1;1;2;2;2;2;2;2;2;2;2;2;2;2;2;2;1;1;1;1;1;1;1;1;1;1;1;1;1;1;1;1;1;1;1;1;1;1;1;1;1;1;1
156;1;1;1;1;1;2;2;2;2;2;2;2;2;1;1;1;1;1;1;1;1;1;1;1;2;2;1;1;2;2;2;2;2;2;2;2;2;1;1;1;1;1;1;1;1;1;1;2;2;2;2;2;2;2;2;2;2;2;2;2;2;2;2;1;1;1;1;1;1;1;1;1;2;2;2;2;2;2;2;1;1;1;1;1;1;1;1;1;1;1;2;2;2;2;2;2;2;2;2;2;2;2;2;2;2;1;1;1;1;1;1;1;1;1;1;1;1
157;1;1;1;1;1;1;1;1;1;2;2;2;2;2;2;2;2;2;2;2;2;2;2;2;2;2;2;2;1;2;1;1;1;1;1;1;1;1;1;1;1;1;1;1;1;1;1;1;1;1;1;1;1;1;1;1;1;1;1;1;1;1;2;2;2;2;2;2;2;2;2;2;1;1;1;1;1;1;1;1;1;1;1;1;1;1;1;1;1;1;2;2;2;2;2;2;2;2;2;2;2;2;2;2;1;1;1;1;1;1;1;1;1;2;2;1;1
158;1;2;2;2;2;2;2;2;2;2;2;2;1;1;1;1;1;1;1;1;1;1;1;1;1;1;1;1;2;2;1;1;1;1;1;1;1;1;1;1;1;1;1;1;1;1;1;1;1;1;1;1;1;1;1;1;1;1;1;1;1;1;1;1;1;1;1;1;1;1;1;1;1;2;2;1;1;1;1;1;2;2;2;2;2;2;2;2;2;2;1;1;1;1;1;1;1;1;1;2;2;2;2;2;2;2;2;1;1;1;1;1;1;1;1;2;2
159;2;2;2;2;2;2;2;2;2;2;2;2;2;2;2;2;2;2;2;1;1;1;1;1;1;1;1;1;1;1;1;1;1;1;2;2;2;2;2;2;2;2;2;2;2;2;2;1;1;1;1;1;1;1;1;1;1;1;1;1;1;1;1;1;2;2;2;2;2;2;2;2;2;2;2;2;1;1;2;2;2;2;2;1;2;2;2;2;2;2;1;1;1;1;1;2;1;1;1;1;1;1;1;1;1;2;2;2;2;2;2;2;2;1;2;2;2
160;2;2;2;2;2;2;2;2;2;2;2;2;2;1;1;1;1;1;1;1;1;1;1;1;1;1;1;1;1;1;1;1;1;1;1;1;1;1;1;1;1;1;1;1;1;1;1;1;1;2;2;1;1;1;1;1;1;1;1;1;1;1;1;1;1;1;1;1;1;1;1;1;2;1;1;1;1;1;1;1;1;2;2;2;2;2;2;2;2;2;1;1;1;1;1;1;1;1;1;1;1;1;1;1;1;1;1;1;1;1;1;1;1;1;1;1;1
161;2;2;2;2;2;2;2;1;1;1;1;1;1;1;1;1;1;1;1;1;1;1;1;2;1;1;1;2;1;1;1;1;1;2;2;2;2;2;2;2;1;1;1;1;1;1;1;2;2;2;2;2;2;2;2;2;2;1;1;1;1;1;1;1;1;1;1;1;1;2;2;2;2;2;2;2;2;2;2;2;2;2;2;2;2;2;2;2;2;2;1;1;1;1;1;1;1;1;1;1;1;1;1;1;1;1;1;1;1;1;1;1;1;1;1;1;1
162;2;2;2;1;1;1;1;1;1;2;2;2;1;2;2;1;1;1;1;1;1;1;1;1;1;1;2;2;1;1;1;1;1;1;1;1;1;1;1;1;2;2;2;2;2;2;2;1;1;1;1;1;1;1;1;1;1;1;1;1;1;1;1;1;1;1;1;1;1;1;1;1;2;2;2;1;1;1;1;1;1;1;1;1;1;1;1;1;1;1;NA;1;1;1;1;1;1;1;1;1;1;1;1;1;1;1;1;1;1;1;2;2;2;2;2;2;2
