Chr	Mb_NCBI38	cM
UNC1735400	1	135572012	59.1137
UNC12453743	7	16673266	9.152
UNC7278067	4	54528625	29.251
UNC24679491	14	106347532	56.165
JAX00172576	9	69940985	39.0839
UNC140261700	14	72607112	37.685
UNC20395682	11	111695963	75.2769
UNC7966272	4	110344547	51.428
UNC12330302	6	146431212	77.701
UNC18125231	10	65930212	34.702
JAX00507890	2	154016370	76.152
UNC061461502	6	115990424	53.7193
UNC010873548	1	194419062	98.1987
JAX00080059	18	7297940	4.53
UNC18820553	10	118568106	66.746
UNC8326822	4	138359862	70.1929
UNC030162846	3	104230952	45.516
UNC12510248	7	25039788	13.73
UNC18998019	11	4554799	2.944
UNC5648666	3	82118446	35.974
UNC9868457	5	106988956	51.4558
JAX00372157	14	7966922	4.6701
UNC28771428	18	14540946	8.0166
JAX00621600	6	108541078	49.812
UNC17181993	9	115046606	66.6522
UNC25850849	15	71441701	32.192
UNC19182694	11	18053562	10.4927
UNC19332475	11	30211008	17.669
JAX00571637	4	154054281	83.7932
JAX00672096	8	71995569	34.6768
UNC19835870	11	67196921	40.593
UNC25245875	15	27405180	10.1976
UNC28036733	17	54146951	28.1607
JAX00101426	2	148368270	73.4327
UNC120435580	12	107121634	57.849
JAX00036087	12	51849144	22.115
UNC22220550	13	19807361	7.0612
backupUNC040764205	4	87452285	41.044
UNC170285	1	15938033	4.9054
UNC12818926	7	51211901	32.6078
UNC24596365	14	99505108	49.459
UNC24989547	15	7415985	3.6046
UNC23786271	14	30818347	19.086
UNC27329052	16	87580552	49.61
UNC31243837	X	116833883	49.5782
UNC5086382	3	39169765	18.8468
UNC11731557	6	102279575	47.552
UNC010680647	1	193708959	97.936
UNC29343039	18	57973239	32.145
JAX00283724	10	17008030	6.6841
UNC15197987	8	88810952	43.51
JAX00489934	2	55091914	30.9192
UNC040405955	4	86728676	40.687
UNC707616	1	55460572	28.1677
UNC868588	1	68813136	34.3709
UNC20749711	12	25695340	9.176
JAX00536825	3	126208184	55.5884
UNC21796169	12	104540970	54.4847
JAX00123567	4	115707005	53.059
UNC010297799	1	143149795	62.4658
UNC4505844	2	171264407	93.5368
UNC30534808	19	55405002	51.4211
UNC20485201	11	117245764	82.9489
JAX00113791	3	138532017	64.3062
backupJAX00125209	4	138427554	70.2696
UNC19974300	11	79773321	47.0978
UNC15378757	8	101251823	50.074
JAX00610591	6	54365502	26.8972
UNC7039840	4	34508417	16.7707
UNC21858874	12	108618083	59.462
UNC24622281	14	101211838	50.895
backupJAX00050727	14	20351360	11.526
UNC14317306	8	23718442	11.496
UNC30798651	X	48099533	25.5148
UNC20839412	12	31751475	13.6999
UNC9705416	5	93002780	47.291
JAX00049793	14	7705302	4.5312
UNC090025985	9	26307586	10.5929
UNC27143427	16	75645236	43.361
UNC080463080	8	14367142	6.8613
JAX00582322	5	52177386	27.5616
UNC3305161	2	71585594	42.7566
UNC30060865	19	22316196	16.138
UNC11814232	6	108606064	49.812
JAX00414893	16	16970155	10.5204
UNC26566524	16	29571611	20.6291
UNC26572059	16	29972057	21.019
UNC3794787	2	115304132	58.0665
UNC8308485	4	137060211	69.1358
UNC16278770	9	45064611	24.836
UNC19050294	11	9019271	5.7686
UNC4374454	2	162519413	83.0014
UNC498300	1	39714306	18.444
JAX00509082	2	159418450	79.978
JAX00068632	16	40255331	27.6608
UNC6634712	3	159688559	82.5692
UNC12158922	6	135600776	66.279
UNC532412	1	41960821	20.389
UNC15128446	8	83535575	40.218
UNC26044338	15	87156662	41.3796
UNC23683937	14	22099494	12.0712
UNC8149025	4	125311291	58.5192
JAX00179433	X	57884316	32.3196
UNC2404202	1	188859728	93.333
UNC18450758	10	93252661	48.0543
UNC26131039	15	93195599	47.2913
UNC2435079	1	191447434	96.283
backupUNC140281170	14	83493986	43.536
JAX00383596	14	72457750	37.5843
UNC12675446	7	40227756	26.1884
UNC25225629	15	26054020	9.772
UNC31217431	X	112440075	48.758
UNC4365491	2	161938620	82.408
UNC5847927	3	101113305	43.9793
JAX00107359	3	51799537	22.6641
UNC14955278	8	68660013	33.879
UNC1383332	1	109512395	50.6963
JAX00022021	10	107009286	55.6866
UNC25650965	15	56663326	23.3053
UNC23954378	14	46802594	24.3159
UNC27977521	17	49505247	25.6226
JAX00625714	6	128252899	62.9323
UNC30082900	19	23749899	18.448
UNC7361619	4	62843781	33.5487
UNC29312306	18	55966804	30.1121
UNC20364363	11	109819449	72.6626
UNC8520565	4	154943667	85.9218
JAX00055986	14	93098067	45.803
UNC27181570	16	78154098	45.0145
UNC1717832	1	134213279	58.1597
UNC13854771	7	130432519	73.187
UNC9707711	5	93163082	47.291
UNC22745395	13	63563118	32.796
UNC010414123	1	185073154	89.3801
UNC13646627	7	113472789	59.2041
UNC29384701	18	60486788	34.356
UNC2227722	1	173995242	80.8158
UNC7287423	4	55276311	29.6599
JAX00591446	5	108104834	52.4893
UNC24199949	14	70351561	36.322
UNC12650794	7	37627706	24.8795
UNC7962711	4	109980967	51.371
JAX00250618	1	52011530	26.6751
JAX00170028	9	35904914	20.5173
UNC31415090	X	143655300	64.6602
UNC27009612	16	66269925	37.766
UNC22264104	13	23711935	9.8854
UNC18961127	10	127559981	74.5352
UNC14440776	8	32299498	19.011
UNC26122681	15	92469703	46.5725
UNC2958822	2	44022022	26.31
UNC24212330	14	71494554	37.258
JAX00514816	3	9983782	2.469
UNC8594535	5	7518518	3.369
UNC2449523	1	192941983	97.551
UNC11889912	6	113892242	52.89
UNC27282422	16	84526293	46.925
UNC17552648	10	21095741	9.754
UNC6735704	4	11397555	5.105
UNC2275421	1	176904110	82.664
UNC12634708	7	36599017	22.4917
UNC4553907	2	174417480	97.9336
UNC22856979	13	73431208	39.8993
UNC2024255	1	157652385	68.0335
JAX00463530	18	68733115	42.5824
UNC22746181	13	63635984	32.796
UNC27541770	17	8923422	5.4655
UNC16551206	9	67800808	36.7483
UNC10395913	5	147351982	86.8912
UNC3517918	2	92007729	50.635
UNC30342371	19	42422508	36.3106
UNC7040804	4	34597872	16.8282
UNC26130887	15	93178832	47.2735
JAX00126776	5	7329700	3.369
UNC23182123	13	98148423	51.7958
UNC28484128	17	83427876	52.845
UNC13227439	7	81271842	45.707
UNC22259223	13	23123599	9.546
UNC11062621	6	50676698	24.3427
UNC17487464	10	16151205	6.0846
UNC9273393	5	59299820	31.653
backupUNC160036643	16	34138887	24.3079
UNC19584739	11	49066090	29.07
JAX00500181	2	114176810	57.6044
UNC20368741	11	110081963	73.1795
backupUNC150068734	15	26623276	9.874
UNC15451816	8	107234395	53.8428
UNC120395328	12	44390812	20.706
UNC2122148	1	166137112	73.4931
UNC23277128	13	105002149	56.9125
UNC23964595	14	47683829	24.599
UNC24780695	14	112778502	57.9876
UNC16914459	9	95240912	49.961
JAX00497176	2	96494554	52.3336
UNC12187635	6	137266933	66.7564
UNC070054688	7	25651035	13.9539
UNC30103065	19	24872215	19.8524
UNC27112115	16	73500164	41.8299
JAX00512219	2	173995780	97.7329
backupUNC080273947	8	76227149	35.653
UNC20829544	12	30939569	13.0168
backupJAX00686383	9	15999266	5.1791
B6_X-078333143-S	X	81087804	38.38
UNC22267580	13	23940550	10.0075
JAX00094642	2	56923115	31.659
UNC11375215	6	74542256	32.4697
UNC12632907	7	36499265	22.192
UNC14048989	7	145051910	88.98
UNC_rs33273392	7	84430169	48.346
JAX00033222	12	11157516	5.58
UNC18807186	10	117496335	65.9477
JAX00621118	6	106661797	49.151
UNC3824754	2	117913425	59.2989
UNC16983798	9	100290556	52.5583
UNC9797814	5	101916478	48.971
UNC11608619	6	93442728	42.0951
UNC8468381	4	151667183	82.686
UNC130125999	13	75912560	40.952
UNC29355130	18	58694714	33.712
UNC24549923	14	96354476	47.1884
backuprs50197071	15	102340275	57.4926
UNC30593037	19	59832223	56.278
JAX00535130	3	117433231	50.6636
UNC21420131	12	75641601	32.8941
UNC18446484	10	92924522	47.4938
UNC17084364	9	107343066	58.0051
UNC3516006	2	91732776	50.635
UNC24223697	14	72300282	37.5097
UNC27436705	16	94471321	55.2063
UNC19223058	11	20886513	13.6348
UNC30179694	19	30156342	24.9884
UNC29071642	18	38385706	20.2898
UNC22443650	13	38132226	17.9822
JAX00094264	2	51894064	29.982
UNC3993541	2	132615991	64.742
UNC3352298	2	75628596	44.751
UNC11507375	6	83748204	35.94
UNC020186170	2	125243955	61.3272
UNC170206132	17	80885117	50.967
UNC9005754	5	39519959	21.0686
UNC3221776	2	65692072	38.6398
UNC29612458	18	75006937	50.9611
UNC4329428	2	159353337	79.978
UNC27928059	17	46139754	22.8781
UNC21128322	12	53580193	22.617
UNC1733690	1	135464050	58.8895
UNC4007994	2	133648006	65.2504
UNC9817796	5	103061674	49.636
JAX00329817	12	33213291	14.1066
UNC27392975	16	91658516	53.2331
UNC19866648	11	69248877	42.508
UNC4254855	2	153587543	75.6766
UNC28310569	17	72384308	44.6089
backupJAX00269153	1	139478830	61.5082
JAX00527615	3	79422986	34.914
UNC7815466	4	98759294	45.598
UNC21588734	12	90175559	43.8693
UNC4190659	2	148259115	73.4199
UNC22260960	13	23400135	9.5831
UNC23748442	14	27803901	16.5678
JAX00002883	1	41590612	20.135
UNC26608238	16	33084087	23.6153
UNC5042925	3	36377821	17.4359
UNC22628513	13	54114098	28.4
UNC081264241	8	99956585	49.57
JAX00590645	5	104702188	50.683
backupUNC090358884	9	98923970	51.406
UNC21354984	12	70531772	29.132
JAX00702328	9	94753691	49.3295
UNC3272170	2	69150860	39.5996
JAX00119417	4	58363486	32.1172
UNC11127691	6	55424734	27.377
UNC5867432	3	102376509	45.2065
JAX00146645	6	128570286	63.058
UNC2954837	2	43659712	25.8168
UNC4453243	2	168165717	88.388
UNC13853510	7	130336505	73.187
backupJAX00420694	16	51052708	31.5104
UNC18959631	10	127411392	74.498
UNC19315372	11	28573554	16.2217
UNC6251370	3	131075347	60.7633
UNC10066294	5	123270147	62.8759
JAX00131683	5	74382135	39.503
UNC10257595	5	136702194	76.029
UNC11016167	6	46841762	22.4152
UNC24568317	14	97452956	47.9936
UNC6359715	3	138790999	64.4483
UNC11633665	6	95036694	44.2067
JAX00119182	4	55253002	29.6487
UNC12366291	6	149567242	79.0238
UNC21697692	12	97068124	46.733
UNC24679660	14	106409403	56.165
UNC18925693	10	125281409	72.313
UNC10013273	5	118740907	59.6123
UNC16588711	9	70430363	39.535
JAX00601929	6	4124793	1.806
UNC9935869	5	113050651	55.376
JAX00705601	9	111855074	62.191
JAX00166681	8	116972836	63.4168
JAX00051369	14	29268722	16.796
UNC13985059	7	139300812	84.5205
UNC6246032	3	130690148	60.5265
UNC20591727	12	8232713	3.855
UNC4560268	2	174861035	98.1471
JAX00000980	1	16162132	4.9825
backupUNC130149286	13	85808377	45.102
backupUNC120287742	12	29355413	11.859
UNC17159090	9	113369198	63.915
UNC12829101	7	51908547	32.8828
JAX00021097	10	94629011	49.0218
UNC27957527	17	48302418	23.986
UNC18550407	10	100255705	51.4338
UNC19420076	11	36589449	21.961
JAX00002871	1	41422748	20.135
UNC19370512	11	33024697	19.1998
UNC30213881	19	32772944	28.2526
JAX00042387	13	20335379	7.2746
UNC3070227	2	53222692	30.694
UNC6710710	4	9503735	4.1918
UNC14209961	8	14788759	7.587
UNC25006691	15	8929676	3.821
UNC17557585	10	21505563	9.7758
UNC9112503	5	47372057	26.019
JAX00183894	X	118785103	49.582
UNC6331986	3	136924790	63.3878
JAX00472093	19	17360546	12.7818
JAX00643900	7	75508950	43.756
UNC26005921	15	84339380	39.78
JAX00156599	7	123651034	67.417
UNC_rs30064872	6	26866227	11.9409
UNC26347458	16	11963441	6.8505
UNC14270413	8	18327063	9.8023
UNC15286183	8	94503318	46.533
UNC3434180	2	82618251	49.077
UNC14247821	8	16892163	8.7369
UNC24299433	14	77654731	40.9011
UNC2967641	2	45157118	27.3409
UNC19152886	11	15955937	8.7427
UNC1347734	1	106942683	50.344
UNC4596997	2	180516349	103.0521
UNC26286717	16	7089616	3.38
UNC30309705	19	40314412	34.2464
UNC4406587	2	164634499	85.2315
UNC28366015	17	75907418	47.0616
UNC2098492	1	164371981	71.6857
UNC12389803	7	5900596	3.4177
UNC2178186	1	169969929	76.838
UNC23972545	14	48316187	24.599
UNC27928899	17	46220950	22.899
UNC26045297	15	87218387	41.4953
UNC6702261	4	8995743	3.91
UNC8263428	4	133997260	66.4944
UNC22498750	13	42468941	20.8925
UNC20529978	11	120989206	84.7872
UNC18955855	10	127084539	74.498
JAX00380365	14	54268901	27.7171
UNC12014770	6	124859657	59.17
UNC25039712	15	11505542	5.6566
UNC070433580	7	120814862	64.9233
UNC27852728	17	40401254	19.4971
JAX00119636	4	62692342	33.2419
UNC8636725	5	10864099	3.782
UNC13810037	7	127172345	69.37
UNC030239481	3	137900043	63.9597
UNC12896331	7	55796223	33.424
UNC13242846	7	82407125	47.179
UNC6938795	4	26966335	11.316
JAX00661805	8	15267335	7.8982
UNC9114329	5	47496100	26.019
UNC29359734	18	58999449	33.8708
JAX00416833	16	29421836	20.2944
JAX00089161	19	41689246	35.0998
UNC15461300	8	108003612	55.0287
UNC24171938	14	68035366	35.2378
UNC23977204	14	48728688	25.358
JAX00085156	18	75259621	51.0515
UNC15484083	8	109919762	57.3632
UNC4936473	3	28845894	12.3182
UNC16475910	9	61574399	33.3581
UNC5197448	3	47863306	20.8682
UNC6048035	3	117470251	50.8189
JAX00015883	10	24279803	11.5074
JAX00171950	9	61586529	33.3632
UNC4485979	2	170146060	90.1247
UNC9958096	5	114606036	55.994
JAX00024433	11	11842432	7.1073
UNC6335128	3	137158095	63.5077
UNC23357285	13	110420829	62.0303
UNC14455469	8	33202241	20.2926
UNC4996455	3	33117196	16.0143
UNC25712602	15	61248886	25.705
UNC10027975	5	119950488	60.4983
UNC6324718	3	136397693	63.0972
UNC5182782	3	46809519	20.785
UNC17061374	9	105554311	56.7552
JAX00125010	4	135742891	67.9961
UNC5279465	3	53355367	25.0061
UNC21595530	12	90766097	44.055
UNC020006684	2	7375358	3.927
JAX00039727	12	101087056	51.1943
UNC15739421	8	127755016	74.8869
JAX00581857	5	50310674	26.886
UNC23268059	13	104186732	56.361
UNC24956990	15	4729387	1.971
UNC15674177	8	123345352	72.098
UNC9083687	5	45290189	24.6944
UNC29086161	18	39424641	21.088
UNC21858339	12	108585327	59.462
JAX00067801	16	29194103	20.0026
UNC160200551	16	30515967	21.345
UNC13020346	7	65970847	35.4215
UNC30574071	19	58116866	54.095
UNC2165985	1	169250939	76.728
JAX00725100	M	2840	NA
UNC5340061	3	57736834	28.0434
UNC4103405	2	141330928	70.0345
UNC170097650	17	41440346	19.5908
UNC20791610	12	28556574	10.9701
UNC19157089	11	16257227	8.894
UNC23240731	13	102365550	54.35
UNC6714763	4	9726147	4.2983
UNC200029837	X	106115834	47.361
JAX00123104	4	109077305	50.773
UNC20111092	11	90735315	55.8327
UNC12162881	6	135847867	66.4506
UNC9620415	5	86356529	43.565
UNC100216358	10	85228033	41.627
backupUNC020120299	2	99879211	53.374
UNC26162515	15	95594592	50.4344
UNC20322455	11	106957777	70.069
UNC8322352	4	138044968	70.021
UNC9804968	5	102317943	49.4964
UNC3338888	2	74425434	44.1025
UNC3910616	2	125620908	61.759
UNC3073250	2	53473070	30.694
JAX00579615	5	39402304	20.891
UNC5661605	3	82944817	36.8708
UNC6265083	3	132059350	61.316
JAX00101421	2	148295488	73.4241
UNC19187833	11	18428135	10.6882
JAX00358886	13	55922954	30.058
JAX00635568	7	35475828	21.367
JAX00034174	12	26288994	9.694
JAX00576938	5	26729956	12.9028
UNC8309240	4	137102096	69.299
UNC25183566	15	22725310	8.538
UNC8511055	4	154292351	83.962
UNC21554313	12	86751586	40.9154
UNC8460531	4	151192014	82.0908
UNC19525626	11	44579184	26.197
UNC24099370	14	62501427	33.233
UNC692837	1	54299162	27.0878
JAX00111268	3	104444403	45.619
JAX00008061	1	111029605	50.784
UNC17158578	9	113335913	63.9018
JAX00326602	12	15572746	7.0455
UNC7595268	4	80858818	37.8943
UNC21854347	12	108328533	59.3981
UNC20222166	11	98915692	62.7428
UNC21178302	12	57572570	24.695
UNC22748685	13	63824617	33.1269
UNC29718114	18	82106750	55.7138
UNC6243788	3	130549671	60.4205
UNC21360091	12	70862425	29.393
UNC25409231	15	39122846	15.4443
UNC28635811	17	94236078	60.8566
UNC21496176	12	82154806	38.1289
UNC27961766	17	48541090	24.4505
UNC5514046	3	72821988	32.593
JAX00296564	10	95038824	49.2007
UNC13447275	7	97920281	53.573
UNC8977875	5	37550600	20.2037
UNC22968040	13	82991009	43.678
UNC19058452	11	9599781	6.126
UNC22839919	13	72308397	38.8683
UNC17047988	9	104783218	56.612
JAX00586227	5	75200649	39.5486
UNC6856774	4	20681123	8.732
UNC15468899	8	108651248	55.8712
UNC12924281	7	57696684	33.5747
UNC28282900	17	70703340	41.874
UNC6905295	4	24639993	10.4445
UNC29460726	18	65500236	38.7183
JAX00625020	6	125109454	59.309
UNC5101740	3	40169877	19.2967
UNC180084413	18	39847362	21.1766
CEAJAX00090652	2	3394700	1.9119
UNC13737530	7	120565765	64.898
UNC12892258	7	55444910	33.373
UNC1628428	1	126926140	55.5971
UNC16788295	9	85366452	46.0658
UNC4588588	2	179822094	102.3309
backupUNC051738198	5	120993031	61.715
UNC718116	1	56252978	28.6447
UNC26806911	16	50601161	31.496
UNC30421308	19	48073383	40.9668
UNC30593610	19	59900262	56.278
UNC070622599	7	17158519	9.152
JAX00132736	5	88379256	43.565
JAX00696496	9	64351902	34.6474
JAX00027255	11	49976548	30.1027
UNC20786593	12	28198593	10.761
UNC27318437	16	86879915	49.2297
UNC263810	1	22400540	8.589
UNC20250877	11	101067532	64.1455
JAX00032420	11	119431386	83.6047
UNC9819843	5	103187765	49.9166
JAX00517662	3	27988622	11.353
UNC12043942	6	127204811	61.9842
UNC8666228	5	13781071	5.233
UNC11026962	6	47947937	22.937
UNC24026686	14	54245111	27.7071
UNC2405890	1	188990344	93.5682
UNC20085685	11	89124579	54.342
UNC23139274	13	95555286	50.1107
JAX00593716	5	116763367	56.7816
UNC19185527	11	18270123	10.5849
JAX00474593	19	26654821	21.2053
UNC120281659	12	15446915	7.031
UNC20690431	12	15944481	7.4443
UNC25193318	15	23540130	8.9292
UNC170373204	17	94112201	60.777
UNC170229408	17	91420147	60.426
UNC20808268	12	29619547	11.859
UNC30513635	19	53910742	48.7656
UNC16991061	9	100801186	52.94
JAX00045106	13	56794023	30.3177
UNC23396698	13	112687234	63.929
UNC30593983	19	59955662	56.2795
UNC30275281	19	37531484	32.313
UNC28610918	17	92048074	60.502
UNC20188498	11	96025584	59.2099
UNC30984480	X	77155328	38.295
UNC15228545	8	90700506	44.1318
UNC13050355	7	68169076	37.4204
UNC15208547	8	89449977	43.5933
JAX00568289	4	137888999	70.021
JAX00393190	15	10563883	5.349
UNC19976684	11	79948690	47.3086
UNC26387456	16	15567181	10.086
JAX00509978	2	162914663	83.8481
UNC28017226	17	52687441	27.4163
UNC12730725	7	45499562	29.3326
JAX00181069	X	80241287	38.38
UNC28769176	18	14359854	7.9452
UNC20782559	12	27860210	10.1591
UNC10255528	5	136551492	76.029
UNC1561385	1	122312207	53.009
UNC10254441	5	136440045	76.0085
UNC11113482	6	54383857	26.9075
UNC19649916	11	54121831	32.133
JAX00519986	3	37514189	18.461
UNC19870921	11	69707488	42.86
JAX00344152	12	104005212	52.98
UNC10580398	6	12832926	5.3558
UNC8391242	4	142928951	76.4185
UNC10371047	5	145154490	85.0643
UNC6664886	4	6093982	2.8815
UNC26224459	15	101038722	56.39
UNC16817034	9	87274660	46.8242
UNC22281152	13	24857836	10.7258
UNC9682089	5	91390597	44.78
UNC12808973	7	50467454	32.467
UNC17059134	9	105405883	56.612
JAX00159301	8	17364402	9.357
UNC4302398	2	157531054	78.4
UNC14513007	8	36539070	23.047
UNC10069457	5	123576914	63.0624
UNC16708567	9	79591182	43.8065
JAX00451598	18	9368175	4.905
JAX00172602	9	70297336	39.5166
JAX00609850	6	51273476	24.6489
UNC1038581	1	81841554	41.81
UNC29951090	19	15940815	10.8783
UNC15470208	8	108776903	56.1426
UNC2192846	1	170936189	77.812
UNC3276912	2	69448230	40.8213
UNC12157859	6	135537237	66.279
UNC12372829	7	3649040	2.1028
UNC13082127	7	70578295	38.7059
UNC3879075	2	123189732	60.692
UNC28218389	17	66829100	38.013
UNC19456217	11	39529303	23.707
JAX00474064	19	24645447	19.7363
UNC17147624	9	112682246	62.9043
UNC22388807	13	34073896	14.0302
UNC15209063	8	89484907	43.6357
UNC19700603	11	57519395	35.273
UNC5649841	3	82192938	35.9852
UNC16917572	9	95471435	50.1182
UNC5675778	3	84060519	37.4479
UNC5173903	3	46190971	20.6601
UNC13258129	7	83562636	47.428
UNC30805672	X	48986121	25.7852
UNC15344136	8	98959225	49.39
UNC22265895	13	23823472	9.945
UNC17605288	10	25074174	12.256
JAX00115132	3	156581608	80.6115
UNC22415720	13	36097194	14.436
UNC170301400	17	27000977	13.6272
UNC20068486	11	87924758	52.3002
UNC8462114	4	151286481	82.589
JAX00090476	19	59241076	54.6344
JAX00592773	5	113297546	55.4921
JAX00394598	15	17328530	7.909
UNC27281862	16	84482509	46.925
UNC2197937	1	171347281	79.3531
UNC040466207	4	155029992	86.167
UNC15290766	8	94925930	47.0294
UNC8905523	5	31814280	17.2765
UNC13889260	7	132897544	76.3174
UNC20907554	12	36821456	16.837
UNC36398	1	6529432	1.89
UNC12637339	7	36766846	22.9958
UNC19429514	11	37367106	22.875
UNC26563425	16	29359971	20.1562
UNC9723227	5	96761632	47.291
UNC090336865	9	70125789	39.3145
JAX00102129	2	157769362	78.4
UNC15224829	8	90464333	43.96
JAX00316215	11	80617602	48.1127
UNC859504	1	68175930	33.9376
UNC8378774	4	141834001	74.751
JAX00187473	11	26596638	15.943
backupUNC030018875	3	20458054	6.5288
UNC3196390	2	63521962	36.8349
UNC14176199	8	12453323	5.726
JAX00325157	12	9110313	3.989
UNC120117169	12	39694333	18.057
UNC19423663	11	36899284	22.665
UNC28013329	17	52421375	27.2806
UNC5755839	3	92195221	40.144
UNC14916610	8	65851762	33.058
UNC780992	1	61709631	31.0769
UNC8957473	5	36222575	19.141
UNC26953681	16	62038130	36.362
UNC8347024	4	139864986	70.9286
UNC20544708	12	3569173	1.881
UNC120026302	12	17633750	8.1226
UNC20190084	11	96180933	59.5968
UNC30421895	19	48103472	41.047
JAX00623801	6	117948904	55.7158
UNC26663439	16	37916318	26.5354
UNC11642770	6	95695944	44.675
JAX00700683	9	85683304	46.3397
UNC13778748	7	124359920	67.9025
UNC28405157	17	78406169	48.7471
UNC27795941	17	33661748	17.982
UNC13039078	7	67286259	36.7832
UNC12877196	7	54509468	33.157
UNC14208437	8	14706307	7.587
UNC070452430	7	144397959	88.8091
UNC18853835	10	120689497	68.6537
UNC8161205	4	126107194	59.8924
UNC838213	1	66673069	33.6028
JAX00642368	7	68425523	37.5954
UNC504450	1	40108579	18.6773
UNC6607254	3	156423596	80.4987
UNC3117652	2	57100729	31.659
UNC6723562	4	10500298	4.6693
UNC13625638	7	111998229	58.74
UNC12740303	7	46147532	29.656
JAX00664930	8	32363612	19.011
UNC22625682	13	53885767	28.3263
UNC30365954	19	44118715	36.7185
UNC080079721	8	22134556	11.0838
backupUNC131401561	13	24677717	10.5804
UNC21415496	12	75164988	32.624
UNC29971338	19	17221707	12.6339
JAX00120933	4	80102358	37.888
UNC18999433	11	4732567	2.979
UNC20804370	12	29341405	11.859
UNC2749919	2	24890435	16.8106
UNC21489424	12	81645067	37.8584
UNC27781396	17	32264453	17.4301
UNC11043717	6	49387679	23.8712
UNC14554862	8	39208145	23.893
UNC6847933	4	20036043	7.7831
UNC19757231	11	61946339	37.964
JAX00172457	9	68381775	37.2524
backupUNC050086001	5	33467078	17.6951
UNC22547626	13	46807299	24.497
UNC29374486	18	59839214	34.356
UNC4422726	2	165771561	85.963
UNC16856548	9	91103060	48.1327
backupUNC030186584	3	117005057	50.4891
UNC2153422	1	168392424	76.254
UNC27547496	17	9425352	7.3496
UNC160242856	16	97784215	57.6557
UNC21629765	12	93030806	45.198
UNC20688975	12	15803045	7.2659
UNC13655594	7	114173286	59.3052
UNC26760627	16	46878858	30.598
UNC2415084	1	189688931	95.029
UNC7558694	4	78253225	37.3589
JAX00297286	10	100541761	51.4944
JAX00162631	8	62925148	31.9598
UNC9939382	5	113286612	55.4829
UNC020448956	2	94030822	51.624
UNC30561002	19	57176782	52.1438
UNC10533580	6	8590539	4.382
UNC2041731	1	159130098	69.0153
UNC14450292	8	32885910	19.0834
UNC20442111	11	114183791	79.65
UNC12824866	7	51603092	32.7755
UNC9087694	5	45543818	25.0551
UNC17469598	10	14729976	5.505
UNC23950845	14	46534428	24.0823
backupUNC060423933	6	131264340	63.435
UNC12802049	7	49944193	31.7501
UNC16677116	9	77377890	42.8644
UNC11418531	6	77330132	34.037
UNC27040319	16	68436320	39.0838
UNC18822234	10	118657921	66.746
UNC29340355	18	57777734	32.145
UNC9091064	5	45809134	25.4325
UNC10868681	6	34989038	15.196
UNC30375331	19	44736741	38.0736
UNC26378937	16	14706839	10.0734
JAX00030071	11	88044579	52.403
UNC20807072	12	29544058	11.859
JAX00636660	7	40364728	26.863
UNC18918911	10	124896407	72.313
JAX00387621	14	98129200	48.5189
UNC19082169	11	11113177	6.27
UNC5054583	3	37186642	18.3381
UNC18421092	10	90950850	45.4561
UNC12615614	7	35497989	21.367
JAX00396534	15	28897866	11.952
UNC31339856	X	134199664	55.9207
UNC12247625	6	141017920	71.4411
UNC4683846	3	9527564	2.356
UNC120286281	12	25784824	9.176
JAX00473644	19	23376371	18.3524
UNC4404719	2	164518908	85.1834
UNC5701948	3	85985044	37.825
JAX00591603	5	108723633	53.238
UNC30306526	19	40119102	34.245
UNC20087585	11	89249982	54.342
backupUNC040088866	4	64979273	34.0947
UNC27315529	16	86620118	49.1508
backupUNC180192740	18	82379028	55.78
JAX00053624	14	61191513	32.13
UNC25844109	15	70988108	32.192
backupJAX00483912	2	14964830	10.9235
UNC11018236	6	47028063	22.5956
UNC23401451	13	112968467	63.929
UNC3551443	2	94551973	52.006
UNC18348556	10	85190052	41.627
UNC25571983	15	50798189	19.176
UNC27960937	17	48494979	24.2869
JAX00113121	3	129504065	58.052
UNC12633339	7	36522184	22.2608
UNC100229144	10	93562919	48.5564
UNC14315837	8	23613642	11.496
UNC975735	1	77014271	39.3123
UNC9092817	5	45975375	25.6689
UNC21344127	12	69816781	28.936
UNC8863233	5	28126291	13.943
JAX00427104	16	87618900	49.6854
UNC14793993	8	56804481	29.699
UNC20813512	12	29973047	12.997
UNC21850629	12	108057591	59.1961
UNC20161523	11	93872176	58.85
JAX00495680	2	87803796	49.9617
JAX00654967	7	125864802	69.012
UNC8996795	5	38783438	20.8856
JAX00401829	15	56977515	23.662
JAX00048130	13	98656992	52.108
UNC12022030	6	125510863	59.322
UNC21877194	12	110132320	60.561
JAX00033353	12	12915008	6.1206
UNC9947177	5	113875180	55.7033
JAX00671541	8	68955756	33.879
UNC20571214	12	6312830	2.8168
backupJAX00012423	1	169586241	76.838
UNC7721697	4	90926763	42.361
UNC20358593	11	109454960	71.9449
backupUNC070452965	7	144687383	88.854
JAX00585743	5	73332819	38.6248
UNC3054910	2	52112031	29.982
UNC25916247	15	76791270	36.281
UNC12375684	7	4141650	2.3905
JAX00076936	17	57286009	29.7616
UNC4515248	2	171871601	94.6869
JAX00593458	5	115891953	56.103
UNC22747550	13	63733646	32.8677
backupUNC120488539	12	11818612	5.58
UNC11238167	6	64310632	29.964
UNC23379358	13	111684467	63.362
UNC11892669	6	114084982	52.9555
UNC16215842	9	40455284	21.419
JAX00148593	7	10519813	6.4855
UNC8284754	4	135426946	67.6166
UNC6512027	3	148975349	74.3468
backupUNC020159603	2	120181810	60.2597
UNC8460072	4	151166005	81.9524
UNC18451537	10	93319159	48.1758
UNC10884793	6	36331342	15.478
UNC15002452	8	74135996	35.386
UNC14366524	8	27338593	15.9903
UNC2200831	1	171597107	79.542
UNC699866	1	54807509	27.976
UNC30386265	19	45676972	38.754
UNC24624501	14	101326954	50.895
UNC531500	1	41886546	20.3669
UNC15339267	8	98594825	49.0951
backupJAX00578831	5	35984096	19.141
UNC11007480	6	46173984	22.049
UNC15135719	8	84187455	40.4986
UNC16816141	9	87221152	46.7974
UNC807288	1	64324127	32.7067
UNC060194387	6	124262419	59.1231
UNC3232445	2	66476953	39.126
UNC4927116	3	28215345	11.822
UNC20258151	11	101675556	65.483
backupUNC140098146	14	19661962	10.4046
UNC30543058	19	56006537	51.6849
UNC9221465	5	55249290	30.5732
JAX00536654	3	125068773	54.681
UNC6320397	3	136129347	63.036
UNC19973519	11	79704730	47.0154
UNC11710609	6	100921706	46.936
UNC16143004	9	34654274	18.7402
UNC10474750	6	4254704	1.806
UNC31343200	X	134596214	56.2022
UNC22829452	13	71646523	38.0198
JAX00180191	X	68126466	34.81
JAX00588959	5	93285373	47.291
UNC2751564	2	24995216	16.896
UNC27541438	17	8889101	5.4222
UNC28346929	17	74800226	45.636
UNC24264112	14	75114944	39.6195
JAX00003956	1	55912315	28.4574
UNC11758133	6	104180074	48.928
UNC20608961	12	9866543	4.5898
UNC13219537	7	80640898	45.657
JAX00326856	12	16565165	7.9213
UNC9760274	5	99326584	48.461
UNC17085204	9	107398262	58.024
JAX00358278	13	53301911	27.68
JAX00582346	5	52279367	27.755
JAX00703753	9	101232288	53.2924
UNC9076212	5	44714531	24.241
JAX00636111	7	37173455	23.9631
UNC5839164	3	100518251	43.711
UNC14229193	8	15911033	8.382
UNC14453325	8	33064484	19.28
UNC040360878	4	148700220	78.872
UNC2961020	2	44260476	26.4876
UNC7784540	4	96092275	44.2707
UNC26180422	15	97085249	52.8229
UNC14918553	8	66002646	33.0833
JAX00427232	16	88206678	50.5396
UNC12249896	6	141160881	71.7058
UNC030548177	3	125564411	54.681
UNC23494093	13	119075596	67.21
UNC3195839	2	63468026	36.7902
UNC13944218	7	136815177	82.0256
UNC28767797	18	14247102	7.9077
UNC5115192	3	41356268	19.7876
UNC6673222	4	6741242	3.0861
UNC12555804	7	29314386	16.943
UNC20402866	11	112067050	75.7349
UNC7041051	4	34618213	16.8413
UNC26149655	15	94669083	48.7049
UNC22291820	13	25626837	11.3467
UNC19879764	11	70716535	43.208
UNC12512780	7	25309648	13.7414
UNC040716572	4	105032234	49.0545
UNC12300787	6	144615125	76.9923
UNC4960210	3	30649153	14.268
UNC829913	1	66108762	33.4364
UNC9183051	5	52346384	27.8821
UNC15000682	8	73962702	35.3496
UNC14536311	8	37992012	23.6832
UNC14439731	8	32234679	19.011
UNC27723287	17	27419421	14.0487
UNC19676129	11	56103467	33.4327
UNC27462990	16	96313566	56.9119
UNC060371051	6	47223004	22.7489
UNC30551355	19	56559527	51.8994
UNC23272554	13	104617159	56.6278
UNC140324472	14	106347738	56.165
UNC16686479	9	77965395	43.3998
UNC6718797	4	10059838	4.4582
UNC081481218	8	87727131	42.3429
UNC6527833	3	150359533	76.224
UNC22846899	13	72751104	39.372
UNC19884170	11	71163731	43.2338
UNC27119670	16	74131651	42.3108
UNC7286536	4	55228966	29.6371
JAX00151601	7	56152017	33.426
UNC9337934	5	64306755	32.795
JAX00123494	4	114768655	52.5197
UNC3776734	2	113673038	57.4038
UNC13813737	7	127538589	69.5797
UNC090326906	9	58133491	31.631
backuprs52283297	16	70395582	40.186
UNC26161152	15	95486815	50.3123
UNC14953224	8	68519530	33.879
UNC14609155	8	42935787	23.893
UNC15329136	8	97896948	48.923
UNC9118308	5	47767443	26.019
UNC8443750	4	150063281	80.8392
UNC20476241	11	116624610	81.429
UNC23234247	13	101789605	54.1356
JAX00280763	1	192869205	97.551
UNC4333487	2	159603562	80.0593
UNC8914954	5	32744357	17.33
UNC6234814	3	129980073	59.8578
UNC6853302	4	20477976	8.5894
backupUNC110250267	11	13335785	7.947
UNC13947091	7	137013457	82.1441
JAX00030305	11	91164319	56.103
JAX00629782	6	144361016	76.367
backupUNC180117139	18	58026578	32.1614
UNC26156756	15	95148425	49.3137
UNC9212092	5	54532690	29.8146
JAX00409942	15	93247256	47.3462
UNC8034650	4	115200649	52.8334
JAX00701738	9	92386066	48.3725
UNC100028611	10	20326919	9.754
UNC040722464	4	110340334	51.428
UNC26814436	16	51104787	31.917
UNC12734530	7	45818351	29.5278
UNC19168123	11	17030469	9.4656
UNC29883391	19	10504527	6.596
UNC16871343	9	92394735	48.3742
JAX00654302	7	123573653	67.417
UNC21119037	12	52856041	22.249
UNC5455496	3	68580007	31.8387
JAX00416570	16	28545624	19.6425
UNC24103053	14	62723498	33.233
UNC21103316	12	51648541	22.115
UNC13749958	7	121762362	65.066
UNC22015971	12	119197565	63.485
UNC7274176	4	54214154	29.0987
JAX00274735	1	166258837	73.6177
UNC30362847	19	43899674	36.667
JAX00354694	13	35345167	14.3168
UNC4513522	2	171745710	94.648
UNC15239261	8	91447065	44.391
UNC10394479	5	147248985	86.8297
JAX00003653	1	51878108	26.579
UNC24515372	14	93978563	46.0467
UNC19887436	11	71366826	43.3681
UNC4933659	3	28701726	12.192
UNC11612100	6	93646348	42.6797
UNC14329368	8	24518499	12.5298
UNC18422331	10	91031745	45.4878
UNC9000112	5	39076165	20.891
UNC11547178	6	87711982	38.9286
UNC24913816	14	121556047	65.2928
UNC9016316	5	40289342	21.25
JAX00203489	13	82715889	43.678
JAX00532000	3	101532175	44.301
UNC23947310	14	46169878	23.7647
UNC17088268	9	107687530	58.9477
UNC020032159	2	42669470	25.3118
UNC28017052	17	52675056	27.41
UNC21022407	12	45113665	21.0398
UNC2030429	1	158156491	68.2022
UNC5533997	3	74251843	33.612
UNC110181162	11	113239538	78.74
backupUNC180165192	18	73031073	46.2524
UNC6871793	4	21855857	9.0718
UNC15579785	8	116861184	63.2382
UNC8402565	4	144200127	77.976
UNC190038461	19	31821742	26.5731
UNC24074697	14	60366896	31.617
JAX00169925	9	34518624	18.482
UNC3841379	2	119397483	59.974
UNC23284724	13	105529106	56.921
UNC6541009	3	151365935	76.756
UNC731078	1	57443339	28.7932
JAX00174723	9	98765420	51.406
UNC16232212	9	41518125	23.411
backupUNC070466450	7	36577851	22.4281
UNC5009091	3	34066622	16.4368
UNC5940583	3	109353292	48.128
UNC11235479	6	64103565	29.964
JAX00559336	4	99274566	45.637
UNC8321908	4	138013857	70.021
UNC26240644	15	102743871	57.8413
UNC26678182	16	39303770	27.084
UNC5676978	3	84149700	37.4784
UNC26174861	15	96545342	52.5159
JAX00451460	18	8452262	4.65
UNC7360203	4	62753137	33.3491
UNC11013469	6	46635676	22.2641
UNC110189475	11	117169857	82.3897
UNC19435196	11	37808509	23.575
UNC2036078	1	158590547	68.486
JAX00578059	5	32373078	17.33
JAX00027445	11	52520308	31.864
JAX00654043	7	122831938	67.417
UNC170220162	17	87520029	57.7075
UNC24593051	14	99281292	49.4138
B6_17-043214756-S	17	43077807	19.6945
UNC21361472	12	70957097	29.393
JAX00307087	11	31741167	18.5922
UNC8312309	4	137347319	69.8444
UNC2972402	2	45685369	27.4459
UNC6213256	3	128476368	56.9526
UNC25274285	15	29223990	11.952
UNC13161594	7	76003051	43.874
UNC160911948	16	87094537	49.254
UNC26124488	15	92622546	46.613
UNC25209003	15	24964830	9.1607
UNC23103901	13	93172257	47.813
UNC18475271	10	94794407	49.094
UNC18535456	10	99261028	51.126
UNC15723539	8	126505019	74.3238
JAX00014050	1	191786714	96.917
UNC25888076	15	74157051	34.1425
JAX00688476	9	28747875	14.3643
UNC7874391	4	103129985	47.3829
UNC020472923	2	104104150	54.534
UNC19509557	11	43536356	25.7892
JAX00357336	13	47970879	24.5699
UNC19665016	11	55395239	33.0404
JAX00113054	3	128593182	57.0083
UNC31319750	X	130875621	53.17
JAX00132093	5	79791879	42.215
backupUNC060357131	6	17950631	8.0782
UNC24833133	14	116748502	60.335
JAX00338664	12	76642814	33.731
UNC2253664	1	175465526	81.3903
UNC8372175	4	141380537	73.9288
UNC22434565	13	37506821	16.1966
UNC1141094	1	91312012	46.081
UNC18147051	10	67743218	35.0033
UNC19094198	11	12055818	7.2199
UNC21196986	12	59061429	25.9962
UNC11014503	6	46714281	22.3213
UNC26347609	16	11979302	6.8804
UNC8791233	5	22972417	10.074
UNC21422854	12	75917863	33.2817
UNC23954188	14	46778644	24.295
UNC27463073	16	96320232	56.9146
UNC19613599	11	51329446	31.0413
UNC31221166	X	113080609	48.936
JAX00166050	8	108569823	55.6847
UNC22703394	13	59512037	31.873
UNC16832742	9	88496808	47.244
UNC21840663	12	107412580	57.958
UNC15246062	8	91911692	44.554
UNC30557303	19	56993476	52.0712
JAX00004915	1	68731989	34.2648
JAX00603282	6	12978399	5.3724
UNC1795522	1	140384173	61.617
UNC13521757	7	103537006	54.853
UNC24154070	14	66786413	34.598
JAX00295523	10	89804816	45.284
UNC21710461	12	97900564	48.6424
JAX00280243	1	190200406	96.0716
UNC12677273	7	40373223	26.863
UNC24088737	14	61612063	33.163
UNC22262889	13	23606995	9.821
UNC16952376	9	97991414	51.297
UNC851208	1	67560100	33.747
UNC6578459	3	153953024	78.7972
UNC27392564	16	91623830	53.1827
JAX00344189	12	104197433	53.6042
UNC17183415	9	115114579	67.2637
UNC3311130	2	72005651	42.9075
UNC11610983	6	93581016	42.3798
UNC16331393	9	49178166	26.589
UNC16251653	9	42829821	24.087
UNC5243097	3	50917526	21.875
UNC28703354	18	9338248	4.905
UNC14260720	8	17681947	9.357
UNC13141431	7	74557801	43.462
JAX00159582	8	21960955	10.7093
UNC020489820	2	118308718	59.399
UNC28062294	17	55523611	28.8627
UNC8516426	4	154707313	84.6993
UNC14349158	8	26139582	14.399
backupUNC110945346	11	58595448	36.2049
UNC28077436	17	57106511	29.6701
UNC13084294	7	70721743	39.3459
UNC2203192	1	171873408	79.542
UNC19773252	11	63125939	38.9863
UNC14296574	8	22201952	11.1486
UNC10640759	6	17546764	7.8884
UNC19697477	11	57339490	35.273
UNC17637240	10	27167199	14.407
UNC30127177	19	26370839	21.004
UNC8161707	4	126145900	59.9547
UNC21868622	12	109410742	60.161
UNC28011571	17	52267924	27.262
UNC142280	1	14027765	4.311
UNC8462494	4	151303133	82.589
UNC29608884	18	74799436	50.7895
UNC12622801	7	35905934	21.7783
UNC4259616	2	153912126	75.989
UNC26565655	16	29508048	20.4871
backupUNC050339644	5	38753772	20.857
UNC28937452	18	27754564	16.285
backupUNC140436365	14	14236760	7.08
UNC2246604	1	174996546	81.0825
UNC21174361	12	57276380	24.695
UNC8983442	5	37890560	20.207
UNC15266097	8	93122447	44.987
UNC30627420	X	8526418	3.8629
UNC4510907	2	171560915	94.2495
UNC200538734	X	81235629	38.38
JAX00036273	12	54328689	23.1114
JAX00011099	1	151906273	64.4409
UNC4097177	2	140905970	69.4072
UNC28362701	17	75721854	46.956
UNC26590791	16	31401950	21.6708
UNC8401473	4	143865507	77.976
backupUNC050186463	5	114191685	55.9882
UNC18272095	10	77414141	39.722
JAX00531938	3	101283244	44.1918
JAX00564209	4	122854729	57.2719
UNC22435402	13	37550404	16.6654
UNC050237937	5	143004698	81.8682
UNC18805053	10	117376300	65.7096
UNC5656390	3	82617505	36.5597
UNC16517038	9	64891520	34.9761
UNC14523319	8	37180863	23.307
UNC2476771	2	4028843	2.3195
UNC23398571	13	112816933	63.929
UNC8099774	4	120715355	56.524
UNC21479772	12	80599674	36.8657
JAX00132291	5	82442367	43.004
UNC27723811	17	27490071	14.2348
UNC8842110	5	26743506	12.9052
UNC27544557	17	9143028	5.9489
JAX00676127	8	91457594	44.391
UNC18433613	10	91917128	46.5493
UNC020012740	2	20975044	14.6808
UNC110098651	11	66357303	40.593
UNC833920	1	66355777	33.554
JAX00189265	3	109017896	48.1259
UNC28527908	17	86568175	56.762
UNC29070452	18	38307772	20.2099
UNC4962797	3	30830442	14.3141
UNC24399939	14	86085498	43.77
JAX00172302	9	66303070	35.836
UNC14406074	8	30175179	16.602
JAX00147176	6	135771704	66.3973
UNC28505013	17	84856161	55.0817
JAX00078697	17	80958275	50.9731
backupUNC140418896	14	49638706	25.7602
JAX00556673	4	86117051	40.391
UNC17282731	9	121633937	72.4967
UNC12004390	6	123377658	58.441
UNC10540565	6	9107643	4.382
UNC9654834	5	89438234	44.322
UNC20798729	12	28992170	11.859
UNC24137114	14	65621492	34.3409
JAX00111622	3	109255140	48.128
JAX00148771	7	13022416	7.7267
UNC28400170	17	78067708	48.091
UNC22601464	13	52421182	27.1817
UNC25670388	15	58138224	24.3779
UNC190093358	19	55823155	51.6225
UNC7987600	4	112735179	51.535
UNC090225566	9	107552016	58.123
UNC14437463	8	32074237	18.9682
UNC26138890	15	93897269	47.9031
JAX00170531	9	42710176	23.9773
UNC10244622	5	135596764	75.2933
JAX00508955	2	158967805	79.0765
UNC12188644	6	137336637	66.7655
UNC16552565	9	67897124	36.807
UNC11635227	6	95151066	44.316
UNC14416739	8	30864073	17.5609
UNC29508118	18	68350801	41.5375
UNC14447495	8	32701973	19.011
JAX00169778	9	32554362	17.8471
UNC28485829	17	83557970	53.4366
UNC12173119	6	136424479	66.589
UNC24390825	14	85293071	43.536
UNC040550204	4	114289968	51.535
UNC10042970	5	121211740	61.715
JAX00016143	10	27746714	14.7579
JAX00635910	7	36639199	22.6124
UNC6606497	3	156342794	80.441
UNC23669613	14	20997841	11.5619
UNC15207643	8	89392963	43.5241
UNC010292027	1	140294459	61.617
UNC28332995	17	73764338	45.1373
JAX00077729	17	68044536	39.051
UNC30388775	19	45878670	38.754
UNC24548945	14	96305681	47.0975
UNC9984006	5	116555496	56.5669
UNC3940372	2	128309783	62.4584
UNC27888127	17	43385612	19.7256
UNC12638892	7	36847704	23.2906
UNC3803552	2	116126054	58.521
UNC6354957	3	138496613	64.2868
UNC3882700	2	123506344	60.692
JAX00648137	7	97441711	53.5036
UNC12863644	7	53794239	33.0684
UNC30374907	19	44698836	38.0503
JAX00513091	2	179824710	102.3336
UNC19331691	11	30155440	17.6527
UNC26020619	15	85353337	40.3264
UNC8866057	5	28358082	14.392
UNC21317215	12	67684082	28.578
UNC4338721	2	159915323	80.5358
UNC080403439	8	127210819	74.6836
UNC28011928	17	52291446	27.262
UNC3759706	2	111827981	56.753
UNC110038256	11	26586367	15.943
UNC13168442	7	76545472	43.9129
UNC30113599	19	25441462	20.4246
UNC24582195	14	98504969	48.8108
UNC14046235	7	144709261	88.854
UNC11781373	6	106241793	49.0721
UNC30064187	19	22494610	16.9383
UNC9153354	5	50000372	26.8505
UNC22985743	13	84599990	44.6266
UNC19749044	11	61189830	37.964
UNC020284970	2	169770191	89.472
UNC14433038	8	31795052	18.754
JAX00152842	7	73246770	41.7912
UNC18149053	10	67871499	35.033
UNC20126549	11	91651497	56.103
UNC170539509	17	10007292	7.6897
UNC26139984	15	93975332	47.9358
UNC15111941	8	82338050	39.333
UNC050308556	5	125507903	64.2551
backupJAX00159316	8	17572525	9.357
JAX00489200	2	50858877	29.2705
UNC24151149	14	66583856	34.598
UNC29782936	18	86594240	58.633
UNC30560571	19	57152464	52.1341
UNC20207771	11	97635520	61.0311
UNC29474682	18	66275923	39.3481
UNC23241450	13	102439108	54.35
UNC19057642	11	9555362	6.126
UNC26286240	16	7052267	3.3747
UNC29331490	18	57257647	31.688
UNC8311463	4	137260311	69.7843
UNC24499718	14	92831831	45.7248
JAX00024901	11	18165082	10.518
JAX00078882	17	83425821	52.845
UNC070671365	7	90937149	50.9728
JAX00702758	9	96996870	50.7809
UNC23654446	14	19646904	10.3497
UNC28234612	17	67758234	38.825
UNC3838879	2	119117357	59.9237
JAX00096644	2	83755668	49.328
UNC555788	1	43564847	23.2912
UNC27287319	16	84872992	46.925
JAX00127208	5	13826079	5.339
UNC28401141	17	78145709	48.091
UNC11032265	6	48476519	23.4489
UNC15899093	9	16082749	5.1974
UNC27112906	16	73562770	41.9164
UNC9005696	5	39515243	21.0653
JAX00702883	9	97616874	51.2221
UNC9957213	5	114542922	55.994
UNC11585840	6	91738993	40.7785
JAX00128988	5	38424512	20.5155
UNC6946501	4	27427265	11.3387
UNC12299801	6	144555911	76.9545
UNC27775382	17	31766307	17.251
UNC21779963	12	103283977	52.896
UNC8300774	4	136588356	68.8743
JAX00126078	4	151217600	82.2269
UNC589868	1	45915046	23.96
UNC4251343	2	153228614	75.407
JAX00002909	1	41912677	20.389
UNC5880396	3	103545860	45.4194
UNC22865662	13	74195910	40.148
UNC26806613	16	50581146	31.496
UNC20203838	11	97323589	60.95
UNC26664621	16	38017426	26.538
UNC8622491	5	9745261	3.694
UNC17429712	10	12034237	3.7353
UNC23229842	13	101441286	53.808
UNC25930440	15	78102990	36.924
repJAX00725057	Y	2739330	NA
UNC22601011	13	52393637	27.1424
UNC040654382	4	116811286	53.3421
UNC28375876	17	76527183	47.5407
UNC3709186	2	106875737	55.9223
UNC27760645	17	30697425	15.7348
UNC3779021	2	113961081	57.516
UNC3584314	2	97319661	52.402
UNC11470998	6	81165711	35.385
JAX00691456	9	41665674	23.4215
UNC10838016	6	32664424	13.9187
UNC14049528	7	145115611	88.98
UNC19195328	11	19015448	11.3549
UNC4775324	3	16412085	4.041
JAX00497562	2	99497446	53.068
UNC24669994	14	105370979	55.8384
UNC25907578	15	75774255	34.8663
UNC3662299	2	102897462	54.1394
UNC2326977	1	182001895	84.931
UNC30570321	19	57817350	53.6454
UNC5359394	3	59574730	29.0693
UNC10093716	5	125668314	64.3526
JAX00126425	4	155860646	87.6569
UNC16215188	9	40403709	21.419
UNC19845480	11	67735110	41.127
UNC12867176	7	53955361	33.157
JAX00139701	6	35170186	15.2356
UNC_rs32609050	14	117675147	61.0662
UNC14828812	8	59369489	30.819
UNC24002770	14	51370524	26.4922
UNC510853	1	40530323	19.4044
UNC4581725	2	179355806	101.8349
UNC030460985	3	58518756	28.5777
UNC2186279	1	170479983	76.8923
UNC1681979	1	131497494	56.963
JAX00129438	5	44429104	24.241
UNC27107111	16	73134965	41.3523
UNC29191167	18	46974022	24.9128
JAX00126086	4	151352444	82.589
UNC24025320	14	54137419	27.6616
UNC10544249	6	9416693	4.4271
UNC21333593	12	68979951	28.726
JAX00627830	6	137327554	66.7644
UNC3883320	2	123575374	60.692
JAX00174076	9	90155005	47.4566
UNC12643421	7	37133798	23.8831
UNC060274207	6	144026630	76.3558
JAX00525775	3	68142117	31.5025
JAX00493355	2	75216198	44.5477
UNC27473291	16	97182472	57.2892
UNC26550060	16	28540978	19.6406
UNC1765809	1	137649043	60.4409
UNC29875605	19	9805159	6.098
UNC3525203	2	92689429	51.2499
UNC1124747	1	90312318	45.4084
UNC22014866	12	119103625	63.485
UNC9656205	5	89521130	44.322
UNC15381714	8	101477388	50.074
UNC28216310	17	66718609	37.877
UNC9181019	5	52212101	27.6274
UNC26232035	15	101920013	57.1294
UNC5048297	3	36691603	18.0506
UNC9004864	5	39448039	20.9568
UNC28080439	17	57348604	29.7935
UNC18374685	10	87409654	43.636
UNC11067910	6	50987818	24.5013
UNC13791356	7	125221537	68.5831
UNC020196475	2	132034866	64.146
backupUNC070373833	7	98412381	53.7869
UNC6282922	3	133303498	61.7019
UNC18939302	10	126081366	73.691
UNC3071379	2	53311598	30.694
UNC6241758	3	130423947	60.3159
UNC5786838	3	95895892	41.4777
JAX00266150	1	127459710	55.7619
backupUNC030403972	3	37874547	18.461
UNC31341170	X	134366790	56.1616
UNC13092920	7	71353906	40.7364
UNC5454011	3	68471162	31.7552
UNC28397101	17	77849251	48.091
UNC20840265	12	31818852	13.7134
UNC7145504	4	44133849	23.1371
UNC14281989	8	19165031	10.352
UNC16443479	9	59008578	32.009
UNC28777523	18	15076935	8.281
UNC10869168	6	35022655	15.1985
UNC23948534	14	46285815	23.8657
UNC25774459	15	66207096	29.16
UNC110034761	11	20979417	13.7333
UNC010243790	1	121591505	52.983
UNC16807536	9	86581367	46.576
UNC10259209	5	136801310	76.029
backupUNC180062842	18	21878800	11.956
UNC14520672	8	37021922	23.1992
UNC10139119	5	128459354	67.673
UNC5944752	3	109625007	48.1881
JAX00072754	16	95371918	56.0624
UNC14796303	8	57011427	29.699
UNC16129024	9	33636384	18.1971
UNC18619300	10	104807932	54.723
UNC26393165	16	16020133	10.086
UNC29721808	18	82375696	55.78
UNC10491637	6	5704731	2.2471
JAX00623720	6	117537102	55.2382
backupJAX00021946	10	106030562	55.1397
UNC25371045	15	36450763	14.4609
UNC4544960	2	173618812	97.1622
UNC21656406	12	94616258	45.6602
UNC26122293	15	92433173	46.5536
UNC17552818	10	21110946	9.754
UNC15291130	8	94946598	47.0618
UNC6511415	3	148918172	74.2116
UNC30392264	19	46116298	38.754
JAX00031113	11	101983513	65.483
JAX00107960	3	59859234	29.073
UNC11618975	6	94116609	42.8358
UNC120350890	12	11350585	5.58
UNC12177332	6	136700133	66.6727
UNC2982801	2	46730763	27.586
UNC3526866	2	92802750	51.3457
UNC5680234	3	84354270	37.601
JAX00492862	2	71836026	42.8213
UNC29133396	18	42938651	22.975
UNC5652277	3	82370536	36.3815
UNC20780952	12	27783661	10.04
UNC30392944	19	46184024	38.754
UNC11110543	6	54223199	26.844
UNC5506730	3	72173041	32.593
UNC11075213	6	51478323	24.8951
UNC31266428	X	119824977	49.582
UNC12253897	6	141407663	72.1627
UNC26004349	15	84240804	39.78
UNC24208098	14	71111401	36.886
UNC16999999	9	101496298	53.476
UNC27033660	16	67982849	39.067
JAX00113591	3	135860058	63.036
UNC1257137	1	100522606	48.814
UNC9012106	5	40027709	21.25
JAX00064085	15	79949498	37.848
UNC5660748	3	82878541	36.7966
UNC19822264	11	66261198	40.593
UNC27730533	17	28028412	14.6155
JAX00417964	16	35515629	25.367
UNC30955632	X	72413849	37.2378
UNC3414713	2	80526919	48.2282
UNC8425870	4	148578774	78.764
UNC30203900	19	31896779	26.584
JAX00251867	1	57027315	28.782
UNC19701910	11	57591836	35.273
UNC2150313	1	168187334	76.113
UNC30488845	19	52283644	46.764
UNC29331315	18	57247453	31.6723
UNC24089348	14	61696980	33.163
UNC6538312	3	151159157	76.756
UNC16300408	9	46634655	25.5082
UNC21865409	12	109190989	60.1278
UNC3034085	2	50745010	29.05
UNC4022768	2	134889339	65.6707
JAX00049349	13	114859992	64.615
JAX00021102	10	94670026	49.0397
UNC3789018	2	114789277	57.8555
UNC23154863	13	96367685	50.5533
UNC16659342	9	75960960	42.3891
UNC2137499	1	167331141	74.7157
UNC6724691	4	10595562	4.7149
UNC16644443	9	74791553	41.805
UNC9852023	5	105676129	50.683
UNC31134948	X	99290154	43.295
UNC3836303	2	118845618	59.5776
UNC020230950	2	152699661	75.407
UNC29956737	19	16336206	11.1823
UNC11015841	6	46798196	22.3824
backupUNC030025601	3	27790943	11.0352
UNC7375371	4	63808044	34.056
UNC18551071	10	100311889	51.4457
JAX00579641	5	39486850	21.0394
UNC17642097	10	27500405	14.5534
UNC129874	1	13129964	4.123
JAX00065348	15	96839782	52.6833
UNC26033460	15	86342116	40.7086
JAX00334122	12	53945646	22.7754
UNC3176950	2	61936588	35.7189
backupUNC150327875	15	13782754	6.8887
UNC16652459	9	75460678	42.2975
UNC253175	1	21690647	7.6827
UNC23202280	13	99483333	52.904
UNC3950126	2	129110239	62.6948
JAX00465617	18	76228994	51.4065
UNC9720485	5	96624029	47.291
JAX00691172	9	40438677	21.419
JAX00447004	17	76969306	47.8135
UNC17414352	10	10789557	3.44
UNC17112107	9	110338881	59.9129
UNC872147	1	69081126	34.7341
UNC010515556	1	4531029	1.6516
UNC19235033	11	21934173	14.09
JAX00116447	4	17434544	7.0415
backupUNC131308761	13	114461621	64.1645
UNC6952078	4	27741705	11.365
UNC16444944	9	59143978	32.009
UNC874332	1	69243576	34.767
UNC8976545	5	37474951	20.1854
JAX00519906	3	37134808	18.3093
JAX00097084	2	89751455	50.1151
UNC27847687	17	38857854	19.159
UNC030202352	3	124631978	54.681
UNC30824054	X	51887663	28.326
UNC23950980	14	46544348	24.0909
UNC4544729	2	173597301	97.1082
UNC656481	1	51497350	26.579
UNC31421546	X	144453384	65.5771
UNC13228422	7	81346403	45.707
UNC16860240	9	91418357	48.279
UNC8517517	4	154766219	85.004
UNC17132286	9	111784422	62.191
UNC13943673	7	136778137	82.0034
JAX00237838	9	93480183	48.5851
JAX00038346	12	82148759	38.1231
UNC20420786	11	113063476	78.6369
UNC080206141	8	43375608	23.902
UNC6242354	3	130464223	60.3494
UNC2684703	2	20037810	14.4781
JAX00026407	11	38574185	23.6567
UNC7045413	4	34951682	16.859
UNC18893402	10	123132677	72.313
JAX00363116	13	73557564	40.1044
UNC21746210	12	100409455	50.426
UNC7556251	4	78074351	37.323
UNC9953788	5	114322725	55.994
JAX00093690	2	44245023	26.4344
UNC9462271	5	73741692	39.1699
UNC26136502	15	93710408	47.8248
UNC5662153	3	82988328	36.9196
JAX00190575	9	100279699	52.5536
UNC090227520	9	109096023	59.631
UNC13780752	7	124541379	67.9883
UNC26287211	16	7127896	3.3853
backupUNC110372717	11	95151146	59.006
UNC14501376	8	35902624	21.6647
UNC130352072	13	98010852	51.688
UNC3861994	2	121655320	60.433
UNC11683194	6	98856512	45.742
UNC6330919	3	136840061	63.371
UNC13222428	7	80862170	45.707
UNC23678312	14	21672542	11.8137
JAX00265687	1	125667681	54.7
UNC6286885	3	133601907	61.9448
UNC25019697	15	10280766	5.3194
UNC3705366	2	106561102	55.7383
UNC17518238	10	18583279	7.7862
UNC11921145	6	116737289	53.8447
UNC8974921	5	37394627	20.1659
UNC16299775	9	46582979	25.4955
UNC18145142	10	67616095	34.9738
UNC12735471	7	45892146	29.58
UNC30277815	19	37694841	32.3612
UNC4688515	3	9829303	2.469
UNC141056279	14	75367267	39.9332
UNC17130754	9	111698754	62.191
UNC27566172	17	11318508	7.804
UNC13224872	7	81069524	45.707
JAX00180841	X	77119456	38.295
UNC28693683	18	8523683	4.65
JAX00434437	17	26282787	13.1048
UNC20765180	12	26633157	9.7136
UNC8416541	4	147918704	78.569
UNC24282883	14	76533086	40.441
UNC23744181	14	27509822	16.51
backupUNC080322610	8	88979355	43.51
UNC27463478	16	96348925	56.9253
backupUNC090085416	9	47938277	26.143
UNC19552309	11	46491884	27.9439
backupUNC020552380	2	165746207	85.934
UNC30916968	X	66715236	34.81
UNC010177125	1	93361490	47.243
JAX00136522	5	141011184	79.5674
UNC29072738	18	38472502	20.3788
UNC517414	1	40922707	20.074
UNC30362100	19	43854632	36.667
UNC30575086	19	58184769	54.1473
JAX00381336	14	60455443	31.6398
JAX00511902	2	172577279	94.872
UNC11124841	6	55204181	27.377
JAX00118768	4	49720584	26.7952
UNC11341381	6	72067557	32.2379
UNC28663194	18	5586113	4.3783
UNC16961819	9	98687283	51.406
UNC2347566	1	184176306	88.205
UNC3422978	2	81473515	48.951
UNC6566516	3	153286764	78.0019
JAX00009228	1	126874126	55.4711
UNC20752034	12	25852556	9.2689
UNC18480077	10	95117731	49.2351
UNC19100416	11	12572452	7.7192
UNC19051318	11	9090999	6.126
UNC15382790	8	101540287	50.074
UNC9991056	5	116968846	56.879
JAX00255569	1	75769248	39.162
UNC12198356	6	137882990	67.6803
UNC11084480	6	52190394	25.397
UNC8305019	4	136852849	69.051
UNC28394780	17	77679282	48.091
UNC15401252	8	102716265	51.9853
UNC20387308	11	111198131	75.228
UNC20523189	11	120167003	83.963
JAX00514198	3	6290396	1.961
JAX00671437	8	68343478	33.879
UNC5270387	3	52767598	24.097
UNC21628873	12	92977929	45.198
UNC12559756	7	29673922	17.1835
UNC10105554	5	126413156	64.8587
UNC2151334	1	168256988	76.254
UNC29486228	18	66956341	39.7882
UNC8511400	4	154326749	83.9729
UNC4339914	2	160008433	80.651
JAX00136581	5	141806900	80.3657
UNC20496338	11	118045512	82.957
UNC2434424	1	191382690	96.283
UNC19265057	11	24630995	15.1998
UNC19568584	11	47552763	28.261
UNC8309951	4	137144154	69.4628
UNC19181711	11	17981197	10.4567
UNC2355402	1	184916609	89.2847
UNC26610304	16	33210626	23.7292
UNC090280403	9	103200699	55.0222
JAX00003394	1	48405811	25.843
UNC13318232	7	88112831	49.01
UNC10789662	6	28309267	11.994
B6_13-065023280-S	13	64921972	34.212
UNC20693383	12	16160853	7.6945
UNC15162280	8	86328116	41.847
UNC040279033	4	125809614	59.4494
UNC20191947	11	96383908	59.8772
UNC11863739	6	111957671	52.1131
JAX00106222	3	36474653	17.4653
UNC25140152	15	18843192	8.2041
UNC28538159	17	87247785	57.0492
UNC26152240	15	94833832	48.9141
UNC25116544	15	17241792	7.909
UNC140471593	14	77482517	40.7745
UNC14562892	8	39735771	23.893
JAX00163348	8	72501351	35.084
UNC20404978	11	112187680	75.8779
UNC14981449	8	71887405	34.5709
UNC27739687	17	28915988	15.027
backupUNC120445049	12	109631662	60.4841
UNC140308207	14	99791222	50.895
UNC15430367	8	105111642	53.038
UNC5456377	3	68646380	31.8897
UNC28473365	17	82691936	51.9704
UNC24866496	14	118621905	62.484
JAX00387746	14	99102899	49.2752
UNC071152032	7	68973872	37.943
UNC945627	1	74384369	38.536
UNC28893734	18	24270164	12.9792
UNC5250929	3	51477834	22.4896
UNC28520862	17	86005554	56.544
UNC28913324	18	25704336	14.2807
UNC19180640	11	17903838	10.439
JAX00144685	6	102014170	47.502
JAX00170674	9	44612649	24.836
UNC8103915	4	121095617	56.802
UNC848027	1	67333306	33.747
UNC19168786	11	17071967	9.5429
UNC4595885	2	180422013	102.9541
JAX00454435	18	26174140	15.194
UNC9305271	5	61603630	31.986
UNC31085849	X	90997535	40.2302
UNC28911983	18	25610395	14.1205
UNC23404344	13	113162925	63.929
UNC29223247	18	49213579	26.3143
UNC23654589	14	19678304	10.4642
UNC12633451	7	36534561	22.298
UNC24988795	15	7360116	3.5766
UNC020251618	2	159044650	79.29
UNC19263080	11	24486409	14.9426
UNC13906778	7	134185004	78.2012
UNC5350425	3	58630781	28.6489
UNC4485799	2	170117705	89.9434
JAX00152896	7	73989959	42.2724
UNC25397494	15	38225960	15.142
UNC27966847	17	48776629	24.659
JAX00276472	1	172955306	80.332
UNC21315212	12	67507945	28.3512
UNC28588058	17	90402013	59.8821
JAX00028576	11	67728126	41.127
UNC11892298	6	114061140	52.943
UNC22623980	13	53792222	28.2976
UNC21844978	12	107682109	58.3635
UNC19194490	11	18939232	11.2156
UNC16651889	9	75423106	42.296
UNC090290020	9	33869157	18.242
UNC20843887	12	32094128	13.737
UNC14309979	8	23230036	11.4188
UNC17431065	10	12119482	3.765
UNC20707971	12	17130200	8.041
JAX00435249	17	29049362	15.027
UNC12335235	6	146739960	77.701
UNC010106429	1	64657833	32.737
JAX00143278	6	83240194	35.94
JAX00571950	4	154872258	85.5524
UNC16764900	9	83526632	45.4842
UNC9496552	5	76166332	40.5136
UNC27412650	16	92936800	54.1564
UNC101409337	10	87710965	43.701
UNC13025017	7	66266816	35.5974
UNC120441142	12	108071700	59.2055
UNC27949121	17	47683769	23.8624
UNC3752203	2	110950762	56.753
UNC27109427	16	73284893	41.5328
UNC4498233	2	170843178	92.5244
UNC29608195	18	74744758	50.7113
UNC13072314	7	69676036	38.321
UNC15483325	8	109817253	57.2876
UNC9465470	5	73975051	39.3098
UNC13757761	7	122467442	66.0608
JAX00671960	8	71320996	34.428
UNC3157051	2	60201233	34.4541
UNC010295757	1	142222344	62.3584
UNC17044514	9	104578637	56.612
UNC3631757	2	100890079	53.5023
UNC31321212	X	131203520	53.6495
UNC5225421	3	49677824	21.667
UNC110175963	11	110221967	73.4967
JAX00387490	14	97038477	47.7697
UNC5838060	3	100438508	43.711
UNC26413420	16	18142178	11.24
UNC10094932	5	125751875	64.4034
UNC25908151	15	75858000	34.9951
UNC23663703	14	20363760	11.526
UNC23140560	13	95617451	50.2375
UNC13173630	7	76942426	43.926
UNC24578317	14	98252612	48.6147
UNC30063356	19	22434591	16.138
UNC26040229	15	86847521	40.9764
UNC724674	1	56863900	28.7536
UNC17425343	10	11685905	3.657
JAX00375785	14	27728317	16.51
JAX00181524	X	86341093	39.7874
UNC12255280	6	141479645	72.2959
UNC24598712	14	99683194	50.1107
UNC27992948	17	50651126	26.141
JAX00566191	4	129308895	63.26
UNC14974761	8	70902369	34.3977
UNC14610469	8	43005462	23.893
JAX00419820	16	46687757	30.598
UNC110160969	11	99193735	62.925
JAX00656715	7	134147691	78.1121
UNC10862554	6	34512103	15.031
UNC1378528	1	109174451	50.6011
UNC20690869	12	15985730	7.4846
backupUNC160135352	16	88368994	50.8523
JAX00084874	18	71455789	45.4375
UNC23941030	14	45638040	23.27
UNC3107052	2	56081692	31.659
UNC26061031	15	88246326	43.1627
UNC4577085	2	179092361	100.9266
UNC15259590	8	92778166	44.987
UNC10016178	5	119015545	60.1021
JAX00087286	19	16579974	11.6263
backupUNC190150199	19	15357109	10.3892
UNC13221761	7	80813355	45.707
UNC4509740	2	171487633	94.0734
UNC19739716	11	60316263	37.814
UNC14050554	7	145279189	89.0369
backupUNC010326580	1	159704960	69.032
UNC27036588	16	68182058	39.067
UNC120204066	12	91485783	44.8279
JAX00570428	4	149523977	79.6777
UNC020360345	2	169240714	89.2376
UNC4022277	2	134850839	65.664
UNC2398632	1	188401978	92.849
JAX00113646	3	136590049	63.3214
UNC23358751	13	110509314	62.2332
UNC4268649	2	154619213	76.789
UNC3586834	2	97491639	52.402
UNC14290425	8	21736266	10.352
JAX00138762	6	22636837	9.636
UNC21839112	12	107328581	57.958
UNC2958464	2	43985184	26.31
UNC8471565	4	151889624	82.7404
backupJAX00286714	10	31868200	17.6652
JAX00103978	3	6285268	1.961
JAX00042774	13	25585297	11.3131
UNC27053677	16	69578572	39.9565
UNC20345545	11	108552017	71.834
UNC21787819	12	104071699	53.1999
JAX00103535	2	179281299	101.8166
UNC080434173	8	117867667	65.329
UNC24561608	14	96956654	47.7215
UNC18588116	10	102772248	53.561
UNC2025451	1	157750187	68.046
JAX00511893	2	172507017	94.872
JAX00419421	16	45374295	29.531
UNC27555786	17	10183962	7.7419
UNC19623359	11	52057582	31.864
UNC1489878	1	116391798	51.8676
UNC1355837	1	107606544	50.344
UNC11499865	6	83138509	35.94
JAX00456148	18	35817591	19.2501
UNC10882187	6	36158847	15.478
UNC090221051	9	106819130	57.983
UNC16980163	9	100052109	52.473
UNC12639149	7	36859453	23.3296
UNC_rs32791096	1	160147562	69.5077
UNC21066592	12	48456402	21.776
UNC18466523	10	94200382	48.8347
JAX00325494	12	11083383	5.58
JAX00414927	16	17265558	10.7018
JAX00533532	3	108340221	46.9333
UNC8355585	4	140384855	71.577
UNC12851633	7	53118332	33.057
UNC040002854	4	6376626	2.913
UNC14577503	8	40797431	23.893
UNC11613920	6	93773237	42.696
UNC28518868	17	85853515	56.3123
UNC31457874	X	151007707	68.464
JAX00103806	3	3950591	1.961
UNC26151263	15	94765492	48.8273
UNC8391022	4	142913936	76.3831
UNC29064692	18	37764110	19.6287
UNC16716563	9	80232209	43.985
JAX00024896	11	18104834	10.518
UNC070443233	7	132974216	76.3209
UNC4609715	2	181950666	103.8729
UNC15711563	8	125804485	73.646
UNC16256498	9	43241515	24.2519
UNC6712924	4	9620467	4.2477
UNC3726307	2	108339657	56.2543
UNC8428725	4	148836647	78.872
UNC25984864	15	82604249	38.6536
UNC16820593	9	87567920	46.9821
UNC13764923	7	123114041	67.417
JAX00402608	15	60039358	25.582
UNC010872195	1	193271985	97.6946
UNC29337942	18	57631067	32.145
JAX00134864	5	118797611	59.7742
JAX00275371	1	168946077	76.728
JAX00691197	9	40510871	21.419
UNC3297982	2	71041855	42.385
UNC20787488	12	28288432	10.8468
UNC070057081	7	27075396	15.8138
UNC8432743	4	149221614	79.081
backupJAX00353971	13	31217704	13.3862
UNC13239362	7	82161769	47.0074
UNC14125682	8	9089522	3.7996
UNC9115508	5	47588180	26.019
UNC13256377	7	83460854	47.428
UNC22442370	13	38057043	17.9232
UNC14314227	8	23525213	11.496
backupJAX00055971	14	92892657	45.7549
UNC2043561	1	159347729	69.032
backupUNC031252208	3	90031448	39.1945
backupUNC080086985	8	26790423	15.5706
UNC19520395	11	44261259	25.943
UNC13399180	7	94335587	51.8605
UNC177767	1	16578608	5.098
UNC12043026	6	127116108	61.922
UNC10647628	6	18109088	8.0928
JAX00061061	15	39603272	15.447
UNC5108286	3	40725584	19.5039
JAX00551431	4	55129059	29.589
UNC25679211	15	58704464	25.0656
UNC7043081	4	34760677	16.859
backupUNC050000423	5	3325372	2.0214
JAX00130274	5	55576882	30.771
UNC19795140	11	64487594	40.2624
UNC19862560	11	68914739	42.1841
UNC14215472	8	15133411	7.7231
UNC27088675	16	72067858	40.762
UNC8102812	4	121005438	56.7438
UNC30034523	19	20929883	14.038
UNC180238368	18	40324466	21.312
JAX00157821	7	139899521	84.885
UNC140417972	14	46829890	24.3396
JAX00123774	4	118483863	54.6941
UNC150226248	15	74888185	34.289
JAX00173662	9	84559613	45.88
backupUNC150266470	15	95802531	50.6702
UNC2422174	1	190252352	96.0773
UNC28488345	17	83716738	54.6121
UNC18663316	10	107578171	56.0045
UNC8342543	4	139557134	70.7435
UNC9152463	5	49947077	26.8441
UNC28916615	18	26019453	14.952
UNC839510	1	66799554	33.6126
UNC10365932	5	144758684	84.767
UNC28914206	18	25791629	14.4666
JAX00546524	4	20992708	8.732
UNC5886207	3	104246169	45.516
UNC050148542	5	92756546	47.291
UNC1617184	1	126136230	54.7
UNC8154525	4	125630641	59.1829
UNC25171468	15	21406207	8.2648
UNC23963314	14	47581034	24.599
UNC090339208	9	73090089	40.08
JAX00643597	7	74270010	42.9343
UNC21798812	12	104701816	54.8652
UNC4307616	2	158025156	78.715
UNC16998816	9	101426401	53.4652
UNC150040417	15	19260674	8.233
UNC24677830	14	106181998	56.165
UNC25462898	15	42822760	16.732
UNC980518	1	77395075	39.5714
backupUNC080048533	8	12739048	5.726
UNC24507026	14	93412073	45.8854
UNC8363214	4	140794488	72.5403
UNC2456655	1	193578102	97.8637
JAX00545124	4	10994727	4.86
UNC25567982	15	50423531	18.985
UNC6332467	3	136962684	63.3953
UNC12644244	7	37184218	23.9848
UNC10028171	5	119959998	60.5065
UNC17079764	9	106796377	57.983
UNC26138553	15	93862960	47.8887
UNC3292533	2	70567912	41.6546
UNC26802136	16	50246008	31.3933
UNC10273832	5	137973967	76.9193
UNC6862075	4	21020816	8.732
UNC170342788	17	57093984	29.6637
UNC10112489	5	126828302	65.2698
JAX00327082	12	17155297	8.041
UNC3352943	2	75694566	44.7537
UNC30851745	X	57512303	31.9696
UNC2444829	1	192487912	97.5348
UNC26044437	15	87166114	41.3973
UNC23971951	14	48254252	24.599
UNC20230211	11	99470902	62.925
UNC26774124	16	48069707	30.729
UNC1928645	1	150315172	63.838
UNC31342301	X	134494770	56.179
UNC3163059	2	60685054	34.8909
UNC20517306	11	119615320	83.963
UNC24007625	14	51893713	26.7133
UNC7956957	4	109273541	51.2829
UNC2457020	1	193608539	97.8805
UNC27422758	16	93539040	54.4886
backupJAX00138747	6	22412210	9.3676
UNC29401753	18	61692752	34.6754
UNC26289520	16	7283384	3.407
JAX00015509	10	19218053	8.2304
JAX00262222	1	108045264	50.344
UNC27584261	17	12951769	8.7284
UNC30103151	19	24880561	19.8543
UNC3298653	2	71098194	42.385
UNC21977056	12	116517342	62.646
UNC7839357	4	100583712	45.761
UNC26137092	15	93758527	47.8449
UNC14204897	8	14474829	7.2783
UNC19518054	11	44110091	25.943
UNC9214325	5	54710320	29.8686
UNC26084639	15	90297977	45.0847
UNC8278487	4	135040066	67.1783
UNC1808116	1	141223640	62.298
UNC13223387	7	80951790	45.707
UNC26616610	16	33696029	24.1751
JAX00568528	4	139006310	70.571
backupUNC060236422	6	135453342	66.279
UNC3269841	2	69004134	39.529
UNC9704070	5	92919537	47.291
UNC14002864	7	140537986	85.6587
UNC17543541	10	20374335	9.754
UNC12301877	6	144713139	77.033
UNC3291948	2	70515362	41.5636
UNC6035021	3	116719272	50.4602
UNC30555204	19	56873010	52.0235
UNC19031647	11	7811167	4.8263
UNC29675477	18	79341773	52.9016
UNC1793646	1	140163402	61.617
UNC110114767	11	76580525	45.916
UNC12830013	7	51984014	32.9092
UNC12153275	6	135266996	66.1113
UNC22617082	13	53341901	27.68
JAX00299852	10	117459963	65.9219
UNC12388018	7	5367717	3.1065
UNC13946483	7	136964708	82.1149
UNC2148948	1	168112042	75.7506
JAX00126420	4	155772058	87.3209
UNC14252427	8	17150132	9.1032
UNC26964399	16	62858961	36.426
UNC9325489	5	63355039	32.7773
UNC4771696	3	16124231	4.0348
UNC23493347	13	119008789	67.21
backupUNC110375463	11	95520344	59.006
backupUNC030187275	3	117487795	50.8925
backupUNC010629680	1	155879951	67.643
UNC81870	1	9671947	2.078
UNC150030778	15	18193154	7.9867
UNC10110066	5	126683140	65.1261
JAX00032204	11	116562289	81.429
UNC1446279	1	113637635	50.839
UNC3268280	2	68894430	39.529
UNC020127485	2	103358787	54.433
UNC16268588	9	44175501	24.7774
JAX00622018	6	110425529	51.188
UNC17045516	9	104639294	56.612
UNC120192659	12	77258749	35.514
JAX00512801	2	179079420	100.9074
UNC13352834	7	91058515	51.0533
UNC19585644	11	49125343	29.1372
UNC4419990	2	165604334	85.7718
UNC18801772	10	117076006	65.0975
UNC26204743	15	99029698	55.6126
UNC7546206	4	77474689	37.323
UNC130067930	13	55398422	29.802
CEBJAX00159275	8	17033700	8.9378
UNC20251657	11	101148122	64.2907
UNC030505184	3	105667444	46.4243
UNC12015803	6	124969977	59.17
UNC14813187	8	58271371	30.697
JAX00629863	6	144634815	77.0048
JAX00672474	8	74602367	35.4837
UNC4427386	2	166102331	86.341
UNC26572729	16	30020582	21.054
UNC2971232	2	45556715	27.371
backuprs33542876	10	12448285	3.7781
UNC090363409	9	100771530	52.9158
JAX00387207	14	95046721	46.602
JAX00154770	7	99007410	53.9596
UNC9175326	5	51697377	27.015
UNC25647604	15	56418638	23.0275
UNC24283981	14	76619357	40.602
backupJAX00150273	7	37572987	24.7691
UNC18872003	10	121874880	69.982
UNC20088477	11	89329784	54.342
JAX00082710	18	42572355	22.7074
JAX00461233	18	60995790	34.406
UNC28033104	17	53683484	27.9243
UNC29215166	18	48633946	25.4617
UNC14118059	8	8508068	3.0989
UNC30318087	19	40723324	34.2566
UNC15141751	8	84647981	41.023
UNC538335	1	42403820	20.6277
JAX00462491	18	65267275	38.4086
UNC15467786	8	108552428	55.6449
UNC040755710	4	17381109	7.04
UNC17551716	10	21032776	9.754
UNC29537644	18	70287433	44.2529
UNC19044550	11	8690929	5.57
UNC27981917	17	49871863	25.862
UNC1233632	1	99267827	47.764
UNC090379276	9	117376388	69.3047
UNC030166572	3	109124697	48.128
UNC8369261	4	141190751	73.4346
JAX00138802	6	23169746	10.4423
UNC18355149	10	85592232	41.727
JAX00315701	11	76482122	45.916
UNC20093954	11	89694672	54.5342
UNC090290693	9	37468356	20.7675
UNC20808736	12	29648581	11.859
UNC20473481	11	116395932	81.2456
UNC030298778	3	158364187	81.8845
UNC21367022	12	71360852	29.393
UNC18168893	10	69259139	36.0585
UNC160155772	16	8381300	3.7787
UNC20616342	12	10518159	5.4442
UNC22796017	13	69512082	35.554
UNC2356497	1	185015056	89.3447
UNC7895905	4	104707325	48.513
backupUNC010623723	1	147428900	63.32
UNC23830931	14	34053176	20.802
JAX00150206	7	36688951	22.7618
UNC536663	1	42281440	20.5398
UNC10263306	5	137067911	76.1612
UNC3038487	2	51033211	29.5975
UNC27773838	17	31675652	17.0846
JAX00248660	1	42319987	20.5675
UNC2423738	1	190396863	96.0933
JAX00123584	4	115945482	53.0751
UNC23168764	13	97299998	50.663
UNC10391229	5	147053208	86.7126
JAX00665819	8	36219607	23.047
UNC956412	1	75527656	39.162
UNC12175526	6	136605883	66.589
UNC26018259	15	85174628	40.2622
UNC11846363	6	110808395	51.188
JAX00414029	16	11931778	6.791
UNC14335593	8	25066339	13.703
UNC8306152	4	136922275	69.051
UNC30371719	19	44491702	37.975
UNC20115619	11	91045623	56.103
UNC1679056	1	131204623	56.9152
UNC23755603	14	28362919	16.796
JAX00028525	11	67063636	40.593
UNC20253240	11	101291922	64.5996
UNC20743382	12	25275690	8.9826
UNC21994667	12	117538168	63.064
UNC20086076	11	89149716	54.342
UNC17212148	9	116900242	69.0488
UNC27728564	17	27857500	14.5932
JAX00535067	3	117148176	50.5494
UNC25040690	15	11574190	5.6912
UNC15476805	8	109306411	56.844
UNC050154313	5	96804953	47.291
UNC11030573	6	48276599	23.2434
JAX00208756	16	30057496	21.0806
JAX00502370	2	125985169	61.759
UNC12577401	7	30835532	19.2505
UNC22499701	13	42555242	20.9548
JAX00115955	4	10811164	4.8182
UNC15580854	8	116913010	63.3211
UNC5934507	3	108951264	48.0086
UNC6509477	3	148740070	74.0144
UNC21019895	12	44978166	20.8199
JAX00568471	4	138655053	70.4968
UNC22857565	13	73473767	39.9806
UNC13455062	7	98521559	53.862
UNC6586703	3	154541071	79.226
UNC6730576	4	11002647	4.86
UNC7290931	4	55548197	29.763
UNC28403149	17	78291748	48.2026
UNC8985768	5	38081733	20.207
JAX00371474	13	116314006	64.8933
UNC10027795	5	119935240	60.4853
JAX00164670	8	90173634	43.96
UNC21870402	12	109598842	60.401
UNC179038	1	16699047	5.098
UNC21999242	12	117819600	63.2083
JAX00547439	4	29239570	12.9674
UNC13194852	7	78627028	44.6943
UNC14050883	7	145321383	89.0616
UNC4988694	3	32620448	15.7945
UNC14437576	8	32080109	18.9767
UNC707026	1	55419000	28.1509
UNC14433376	8	31821615	18.754
UNC060624232	6	22610562	9.6046
UNC29552349	18	71276330	45.2556
UNC30945019	X	71098797	36.3971
UNC5246396	3	51148889	21.9486
UNC23949324	14	46363549	23.9334
UNC17135105	9	111935493	62.3871
UNC28240743	17	68057309	39.051
UNC1600173	1	124981844	54.7
UNC4590314	2	179980085	102.495
UNC525479	1	41452295	20.135
UNC28306904	17	72153073	44.2766
UNC27540034	17	8774977	5.278
JAX00063755	15	75551020	34.5231
UNC28301106	17	71829479	43.4206
UNC20148015	11	93017462	58.2589
UNC3365075	2	76499646	44.9597
UNC3294360	2	70716531	41.9118
UNC12850495	7	53063994	33.057
UNC18539305	10	99523763	51.176
backupUNC110044098	11	38221866	23.5795
UNC8436434	4	149528958	79.6964
UNC13776838	7	124181179	67.7967
JAX00536566	3	124408371	54.681
UNC5008656	3	34019613	16.4136
backupUNC090331519	9	64364454	34.6551
UNC5250689	3	51445001	22.4798
UNC11124460	6	55165974	27.374
UNC4437233	2	166645031	87.222
UNC6535699	3	150956887	76.756
UNC11854456	6	111314324	51.64
UNC30287958	19	38302156	32.9381
UNC2433925	1	191333382	96.283
B6_05-147860587-S	5	147049011	86.7101
UNC10387290	5	146844813	86.5578
UNC16430486	9	57932954	31.631
UNC20254605	11	101410577	64.9568
UNC9857021	5	106040417	51.1856
JAX00704601	9	106017492	57.4138
JAX00701943	9	92996783	48.4912
UNC1724774	1	134783001	58.243
UNC22598393	13	52223608	26.9001
UNC19103629	11	12816617	7.915
UNC29349748	18	58398518	32.4532
UNC17087482	9	107606558	58.3752
UNC180159545	18	71390119	45.371
UNC9998780	5	117549618	56.9886
JAX00352816	13	24818894	10.6944
JAX00272708	1	157145354	67.972
UNC19675399	11	56072025	33.4058
UNC23485868	13	118391968	66.8877
UNC29067574	18	38043391	19.9282
UNC150394441	15	80339206	37.848
UNC5255389	3	51767466	22.6278
JAX00175840	9	113691060	64.043
UNC21126401	12	53453305	22.617
UNC25027637	15	10819407	5.349
UNC29555627	18	71482476	45.4646
JAX00363742	13	76855389	40.977
UNC21548527	12	86417102	40.5527
UNC27546358	17	9307519	6.765
UNC19623138	11	52045443	31.864
UNC17207322	9	116581258	68.7904
UNC13982873	7	139152346	84.1527
JAX00602835	6	9018203	4.382
UNC16513211	9	64565556	34.7776
UNC12326973	6	146255063	77.701
UNC26091210	15	90673869	45.305
JAX00405764	15	74248242	34.1618
UNC12612445	7	35299336	21.3037
UNC9001561	5	39188789	20.891
JAX00648130	7	97421077	53.4971
UNC13949577	7	137172643	82.2461
UNC27443481	16	94967201	55.653
UNC100092985	10	83047150	40.7486
UNC12052920	6	127896655	62.5673
UNC24026437	14	54228506	27.7001
UNC26350016	16	12159423	7.219
UNC5080063	3	38783305	18.6645
backupUNC030439207	3	49086494	21.667
UNC30412855	19	47544692	39.6745
UNC3374307	2	77300333	45.937
UNC28350501	17	75002775	46.2288
UNC26348988	16	12084446	7.0781
UNC12344672	6	147330979	78.215
UNC19106398	11	13041068	7.915
UNC3556053	2	94926003	52.006
UNC16301304	9	46689399	25.5217
UNC5350514	3	58644283	28.6575
UNC20700089	12	16582340	7.9336
UNC13453446	7	98414295	53.7916
UNC120152111	12	53547700	22.617
UNC10534865	6	8684031	4.382
UNC20096190	11	89841601	54.605
UNC3286173	2	70144961	41.086
JAX00448999	17	85852894	56.3113
UNC30516321	19	54143265	49.2444
UNC26154460	15	94974503	49.0928
JAX00609917	6	51582854	25.0207
JAX00304184	11	12222084	7.305
UNC24261682	14	74962666	39.4844
UNC11802290	6	107722888	49.71
JAX00374010	14	17485003	7.08
JAX00169489	9	28716046	14.362
UNC23967523	14	47937734	24.599
UNC16695105	9	78626816	43.652
UNC16236042	9	41788178	23.499
JAX00132177	5	80915281	42.624
UNC31088309	X	91441543	40.3852
UNC27854527	17	40877348	19.544
UNC070488761	7	39897591	25.606
UNC5213888	3	48956447	21.667
UNC24163200	14	67458103	34.658
UNC7113087	4	40610280	20.463
UNC28590665	17	90580194	59.887
UNC4339355	2	159970368	80.63
UNC4183999	2	147774621	72.941
UNC19007335	11	5646058	3.866
UNC28529195	17	86654254	56.7888
UNC2697548	2	20820065	14.5793
UNC16215668	9	40434461	21.419
UNC27947528	17	47543325	23.4769
UNC30277942	19	37707336	32.3648
UNC16072801	9	29572593	15.0774
UNC16968452	9	99245481	51.456
UNC20744149	12	25328411	9.0649
UNC23688349	14	22455626	12.2349
UNC26225265	15	101225975	56.57
UNC31198730	X	109099070	47.92
UNC8962165	5	36603601	19.1815
UNC2456192	1	193534297	97.8395
UNC9337130	5	64226687	32.795
JAX00584161	5	62850781	32.041
UNC30846202	X	56821712	30.2173
JAX00170379	9	40682255	21.419
UNC13250985	7	82961053	47.3937
UNC3375234	2	77365083	45.937
UNC26024002	15	85691462	40.425
UNC18679019	10	108581993	56.5654
UNC22804391	13	70003427	35.554
UNC13847859	7	129992778	73.187
JAX00066737	16	14991728	10.086
UNC10646794	6	18011236	8.0838
JAX00556983	4	87769671	41.0646
JAX00437871	17	37838142	19.159
UNC6858233	4	20779557	8.732
UNC22292291	13	25661843	11.3749
UNC27562474	17	10946073	7.804
UNC12560354	7	29767225	17.2507
JAX00129542	5	45807797	25.4306
UNC14783691	8	55965419	29.6928
JAX00139790	6	36375397	15.478
UNC13374196	7	92558232	51.5069
UNC842856	1	66987396	33.747
UNC10345560	5	143373000	82.1132
UNC11014318	6	46699174	22.3103
UNC2022438	1	157508533	68.0027
JAX00009853	1	135198217	58.3176
UNC18154814	10	68220196	35.2363
UNC19503543	11	43156227	25.678
UNC26015286	15	84945355	40.249
UNC13249770	7	82837929	47.3387
UNC23461685	13	116817729	65.323
UNC050176919	5	109954752	53.2857
UNC150411470	15	102488544	57.6207
UNC10195676	5	132110148	71.1139
JAX00102660	2	164851814	85.273
UNC28684310	18	7686360	4.5788
UNC4539389	2	173295816	95.9752
UNC12634865	7	36612090	22.5309
UNC18445266	10	92767913	47.3318
UNC22466367	13	39684916	19.1993
UNC8356058	4	140409596	71.577
JAX00053189	14	55390911	28.191
UNC19002666	11	5088980	3.245
UNC26731863	16	44780061	29.0892
JAX00571946	4	154870736	85.5446
UNC090190668	9	97419474	51.063
UNC020060188	2	51732690	29.982
UNC30615033	X	6909156	3.092
UNC5241466	3	50816568	21.811
UNC24570370	14	97604141	48.111
UNC30559086	19	57077478	52.1045
UNC13681535	7	116472971	61.7556
UNC26133376	15	93448293	47.619
UNC7710285	4	89930525	42.153
JAX00079443	17	90899432	60.343
JAX00323425	11	119332342	83.3589
UNC25696016	15	60021145	25.582
UNC030229530	3	130818341	60.6199
UNC24598423	14	99665396	49.9604
UNC16674372	9	77181656	42.671
UNC26144628	15	94293763	48.2282
UNC20835926	12	31425580	13.4628
UNC24607530	14	100217651	50.895
UNC24508891	14	93551105	45.957
UNC26237066	15	102331957	57.4854
UNC20281687	11	103551728	67.379
JAX00170856	9	47039977	25.6572
UNC20904965	12	36667015	16.837
backupUNC030041565	3	36762933	18.1717
UNC31385919	X	139994604	61.355
UNC30570411	19	57823469	53.6552
UNC16787526	9	85313182	46.0313
UNC30370500	19	44429997	37.975
UNC6841175	4	19574375	7.5558
UNC22626014	13	53917532	28.3426
UNC4764228	3	15208022	3.553
UNC13814587	7	127674152	69.6588
JAX00098084	2	103637840	54.433
UNC16275187	9	44754606	24.836
JAX00038947	12	90696486	44.055
UNC16439441	9	58708204	31.7926
UNC25563416	15	50106484	18.8292
UNC19186816	11	18362738	10.6454
UNC13249196	7	82807039	47.3249
UNC15134655	8	84089763	40.2925
JAX00472210	19	17773589	12.863
UNC29328729	18	57055880	31.3766
UNC8233183	4	131337513	64.503
UNC5856067	3	101662117	44.301
UNC16316881	9	48143265	26.3011
JAX00393517	15	11720024	5.7647
UNC19862914	11	68932957	42.2029
UNC24506207	14	93362577	45.8554
UNC21134022	12	53999086	22.8034
UNC18155442	10	68285235	35.2881
UNC13939181	7	136468610	81.8135
UNC6040967	3	117060145	50.5123
UNC13704937	7	117979855	63.442
UNC070500524	7	51160449	32.602
UNC6848245	4	20052373	7.785
UNC20604170	12	9416279	4.0156
UNC27793239	17	33266233	17.982
UNC18822677	10	118675807	66.746
UNC592611	1	46208890	23.96
UNC28481927	17	83249612	52.3539
JAX00638718	7	50021849	31.843
UNC11506105	6	83645286	35.94
UNC10394741	5	147264048	86.8387
UNC17297860	9	122890516	73.2092
UNC010203492	1	104886216	49.453
backupUNC140312117	14	101341425	50.895
JAX00409887	15	92930106	46.9291
UNC3753638	2	111093032	56.753
UNC27425305	16	93695450	54.5982
JAX00003607	1	51261579	26.0191
UNC15297770	8	95607702	47.123
JAX00103595	2	180102696	102.6224
UNC16900598	9	94273181	48.9662
UNC30087701	19	24004489	19.0428
JAX00175220	9	105358911	56.612
UNC14426348	8	31427120	18.754
UNC16303868	9	46967855	25.626
UNC21552733	12	86648012	40.8031
UNC23481786	13	118106130	66.7786
UNC15223027	8	90342351	43.96
JAX00150827	7	45825727	29.533
UNC21998787	12	117787391	63.1842
UNC6324281	3	136371197	63.0508
UNC18963815	10	127847522	76.2395
UNC12637773	7	36792283	23.0793
UNC21194874	12	58911290	25.9638
UNC20766616	12	26711108	9.7392
UNC7683295	4	87552621	41.044
UNC838814	1	66733907	33.611
UNC16150532	9	35185095	19.9891
JAX00078499	17	78320509	48.3067
UNC10643321	6	17712977	8.0148
UNC20698231	12	16470468	7.8533
JAX00325236	12	9502236	4.0204
JAX00600744	5	146944001	86.57
UNC25020849	15	10411577	5.349
UNC9958831	5	114652554	55.994
UNC10388312	5	146899976	86.57
UNC16581784	9	69954521	39.108
UNC11766252	6	104879950	48.928
UNC27280564	16	84366220	46.925
UNC19971439	11	79513249	46.7967
UNC8267931	4	134374378	66.6503
UNC3836780	2	118906260	59.715
UNC11093522	6	53036945	25.752
UNC18447005	10	92974733	47.5464
JAX00445421	17	71253439	41.874
UNC9182400	5	52300051	27.7942
JAX00561117	4	106424337	49.642
UNC13430082	7	96528822	52.6447
UNC24106278	14	62966092	33.233
UNC16238840	9	41986842	23.5532
UNC27753023	17	29910176	15.585
UNC529906	1	41781418	20.2629
UNC6511694	3	148939324	74.235
UNC16563921	9	68739644	37.6529
UNC27727524	17	27754291	14.592
UNC23438022	13	115188687	64.6226
UNC10086328	5	125130863	64.0258
JAX00026357	11	37931132	23.575
backupUNC130297246	13	57123214	30.499
UNC12009432	6	124181314	59.1096
UNC15582926	8	117047244	63.5358
JAX00025135	11	21279374	13.895
UNC10021904	5	119433387	60.2785
UNC5273993	3	53003701	24.097
UNC23676333	14	21491735	11.7247
UNC9793754	5	101654222	48.8281
UNC26456577	16	21885663	12.92
UNC8917332	5	32963099	17.3965
UNC29851182	19	6223326	4.3495
UNC23723485	14	25300149	14.551
UNC30309613	19	40308944	34.2462
UNC31303071	X	127870077	49.9675
UNC5044348	3	36481201	17.4673
JAX00355309	13	37489267	16.0339
JAX00676399	8	92273517	44.8422
UNC13080641	7	70470763	38.6942
UNC12404061	7	7091900	4.1141
UNC5270941	3	52811668	24.097
JAX00024274	11	9716170	6.126
UNC22747346	13	63718429	32.8243
UNC13065001	7	69132603	37.9839
UNC7292268	4	55637634	30.0077
UNC22620883	13	53621646	28.193
JAX00104305	3	10688021	2.7818
UNC21341292	12	69542094	28.9033
UNC7119512	4	41176874	21.1009
UNC27114975	16	73718823	42.1318
JAX00175147	9	104379964	56.612
UNC13721010	7	119010463	63.7424
UNC4508666	2	171413370	93.8949
UNC24150927	14	66573515	34.598
UNC18388567	10	88593972	44.0643
UNC24596497	14	99514258	49.459
UNC10031771	5	120248930	60.5962
JAX00511486	2	170097802	89.914
UNC29945134	19	15530113	10.4115
UNC29408132	18	62129608	35.0437
UNC9605211	5	84675645	43.004
UNC21392101	12	73085277	30.3578
UNC13963134	7	138054099	82.949
UNC090108723	9	56864230	30.3222
UNC20910479	12	37000019	16.837
UNC21788875	12	104125622	53.3876
UNC26124779	15	92641826	46.6215
JAX00132772	5	88854679	44.0619
JAX00024488	11	12590305	7.7521
JAX00649825	7	105207213	55.7863
UNC27423537	16	93597206	54.5235
UNC21815377	12	105829413	56.1189
UNC16768245	9	83703650	45.5655
UNC030323436	3	129645016	58.3485
UNC11697012	6	100052440	46.5171
UNC1854486	1	144902324	63.056
UNC20895730	12	36025491	16.2845
JAX00670213	8	61626795	31.429
UNC7350679	4	59855955	32.8121
UNC3052963	2	51961480	29.982
UNC21393934	12	73267346	30.413
UNC020543576	2	157409147	78.3387
UNC231492	1	20394846	6.369
UNC4914130	3	27232274	10.821
UNC22985999	13	84628817	44.6596
UNC16917980	9	95512533	50.1326
UNC20801732	12	29163776	11.859
UNC9184776	5	52455872	28.0897
UNC14318579	8	23802851	11.59
backupUNC040437864	4	41645848	21.8029
JAX00368930	13	104128714	56.2595
UNC19049605	11	8978789	5.7246
UNC17062023	9	105601540	56.769
UNC21072198	12	48941580	21.776
JAX00112120	3	116142888	50.1813
UNC040532408	4	91094285	42.361
UNC27720286	17	27081899	13.7087
UNC11850399	6	111060313	51.5626
UNC3302788	2	71378661	42.385
UNC9529275	5	78531267	42.215
UNC24504628	14	93239718	45.803
UNC010586869	1	93673229	47.2732
UNC22813461	13	70607086	35.97
UNC11119915	6	54797276	27.1378
UNC8616959	5	9339039	3.694
UNC200046565	X	153533292	68.464
JAX00056104	14	94665576	46.592
UNC14551529	8	38937969	23.893
UNC25447583	15	41788150	16.382
UNC15290790	8	94927206	47.0314
backupUNC040498034	4	44293038	23.4237
UNC25094716	15	15626595	7.778
UNC22895777	13	76817239	40.977
UNC18365890	10	86704272	43.0641
UNC26804026	16	50388614	31.4928
UNC30230086	19	34306744	29.5077
UNC9339483	5	64400199	32.8183
UNC7747729	4	93065530	43.2241
UNC16783167	9	84957649	45.88
UNC090504281	9	112427611	62.762
UNC1890675	1	147630747	63.32
UNC17183203	9	115104585	67.1738
UNC30086534	19	23945418	18.9586
UNC7194639	4	47670889	26.0551
UNC12298910	6	144504943	76.922
UNC23950280	14	46474501	24.0301
UNC17404314	10	9859382	3.2659
UNC9537526	5	79123878	42.215
JAX00545368	4	12555306	5.58
UNC9030003	5	41245409	22.446
UNC9766871	5	99745481	48.461
UNC10582802	6	12945807	5.3687
UNC19714672	11	58569619	36.192
UNC19193191	11	18828907	11.0426
UNC_rs47875719	18	13623457	7.6486
UNC5851504	3	101355829	44.301
UNC26181231	15	97150794	52.8601
UNC23949725	14	46407400	23.9716
JAX00379362	14	48009641	24.599
UNC17427216	10	11839722	3.657
UNC13215182	7	80277810	45.601
UNC23193172	13	98897107	52.254
UNC19142213	11	15322101	8.716
UNC28587696	17	90381205	59.8753
UNC23718948	14	24962479	14.551
JAX00509923	2	162697213	83.417
UNC150312277	15	44678367	16.911
UNC11983610	6	121486639	57.3688
UNC21611722	12	91878123	45.018
backupUNC150389628	15	76505317	35.9904
UNC7817684	4	98887813	45.598
UNC27226263	16	80854705	45.893
UNC13767034	7	123346707	67.417
UNC27299461	16	85569471	47.7479
JAX00020922	10	92274533	46.8351
UNC22881729	13	75795838	40.952
JAX00330269	12	34829045	15.5619
UNC8327379	4	138408221	70.2477
UNC3792842	2	115123416	57.9925
UNC26133218	15	93426575	47.587
UNC30455151	19	50489102	45.048
UNC29309185	18	55762759	29.7895
UNC30881185	X	61446885	34.5449
JAX00032112	11	115311873	80.844
UNC30570564	19	57842558	53.686
UNC5270691	3	52788119	24.097
UNC892865	1	70654212	35.4252
UNC11597356	6	92659819	41.108
backupUNC040003533	4	7723407	3.48
UNC30159169	19	28653417	23.305
backupUNC070886038	7	6392049	3.7054
UNC16646037	9	74944821	42.1047
UNC11025236	6	47640957	22.937
UNC8966693	5	36979196	19.5209
UNC5614480	3	79877730	35.1255
UNC22655167	13	56353481	30.058
UNC010411561	1	183577007	86.597
UNC28594070	17	90806468	60.343
UNC27424733	16	93666129	54.5649
JAX00181485	X	85822253	39.3403
UNC20756286	12	26122643	9.6778
UNC7554909	4	77980228	37.323
UNC16675916	9	77301174	42.671
UNC7223984	4	50311531	27.149
UNC16329954	9	49028761	26.5736
UNC19803192	11	64963502	40.418
UNC060138179	6	86812006	37.751
UNC27056924	16	69891999	40.1262
JAX00026387	11	38337496	23.6048
UNC5927835	3	108460686	47.1453
UNC020296673	2	174864238	98.1486
UNC24176426	14	68345293	35.484
JAX00352790	13	24701265	10.5994
UNC16614618	9	72650794	40.08
UNC170455710	17	65328742	34.901
UNC8154961	4	125658003	59.2236
UNC120410712	12	60828999	26.435
JAX00675517	8	89344507	43.51
JAX00322023	11	112619668	75.933
JAX00098744	2	112457989	57.02
UNC12041319	6	126848048	61.922
UNC25348656	15	34365439	14.087
UNC24080207	14	60828150	31.9999
UNC19364142	11	32474967	18.9472
UNC16217864	9	40585392	21.419
UNC110015701	11	12885661	7.915
UNC31132654	X	99033792	43.19
UNC20812714	12	29926684	12.997
UNC020363748	2	8889070	5.796
UNC20319200	11	106656409	69.9291
JAX00442175	17	54632086	28.4081
JAX00352673	13	24178717	10.1776
UNC19183450	11	18101095	10.5164
UNC9102966	5	46726989	25.9331
UNC11919336	6	116640774	53.8285
UNC21802988	12	104965965	54.9927
UNC9550582	5	80164539	42.215
backupUNC140104438	14	25645526	15.063
UNC12611678	7	35232828	21.1998
UNC040316624	4	136423942	68.7437
JAX00506379	2	146141908	71.3201
UNC30590753	19	59597079	56.278
UNC3822105	2	117694471	59.2761
backupUNC200105073	X	81886385	38.38
UNC28689844	18	8235046	4.65
UNC8297132	4	136259125	68.343
UNC7115460	4	40807060	20.463
backupUNC160014695	16	7247559	3.402
UNC3938202	2	128128545	62.2308
UNC5986142	3	112934563	49.2353
UNC16966091	9	99046321	51.406
JAX00693467	9	48509270	26.4321
UNC25155582	15	19870017	8.233
JAX00660129	8	8270413	2.92
UNC13851425	7	130213172	73.187
UNC3375878	2	77431296	45.937
UNC10589994	6	13476404	5.6619
JAX00251419	1	55427912	28.1545
UNC18155120	10	68247217	35.2579
JAX00021110	10	94789369	49.0918
JAX00160318	8	31749641	18.754
UNC21633067	12	93203657	45.2081
UNC7686750	4	87872188	41.164
UNC11891600	6	114016192	52.9263
UNC3526191	2	92755148	51.3054
JAX00625532	6	127652950	62.4545
UNC22615038	13	53196751	27.68
UNC27730871	17	28060830	14.6197
UNC8993756	5	38614481	20.7228
UNC5072216	3	38347929	18.461
UNC21784630	12	103654327	52.98
JAX00352522	13	23164023	9.546
UNC2372465	1	186054886	89.7772
UNC8413922	4	145383491	78.1817
UNC16325967	9	48696715	26.4769
UNC040317032	4	139206882	70.5931
UNC25811353	15	68837989	30.216
UNC12146823	6	134913687	65.774
JAX00150231	7	37020607	23.6547
JAX00332343	12	44842945	20.706
UNC19655059	11	54543049	32.133
UNC16503385	9	63839543	34.3353
UNC10002797	5	117802314	57.3367
UNC10425024	5	148959743	89.1249
UNC26123708	15	92556412	46.613
JAX00445822	17	72290706	44.579
UNC10111846	5	126792846	65.2347
UNC22461792	13	39399324	18.9754
UNC6278482	3	132950589	61.5354
UNC29195561	18	47301605	25.1179
UNC020538069	2	154006866	76.1424
UNC26123795	15	92562580	46.613
UNC090108913	9	57180844	30.887
UNC16759840	9	83115671	45.2955
UNC23969624	14	48092335	24.599
UNC070814219	7	97791574	53.573
UNC2419208	1	189987372	95.4145
UNC030661179	3	52246072	23.1693
UNC6339192	3	137466515	63.7219
UNC020139805	2	113782183	57.4485
UNC24175186	14	68249863	35.484
UNC20575747	12	6833672	2.894
UNC12615102	7	35456958	21.367
UNC21680204	12	96000289	46.6575
UNC3458557	2	85247197	49.6267
UNC27979969	17	49731591	25.8453
UNC16471322	9	61213376	33.2063
UNC7277789	4	54511823	29.251
UNC11659971	6	97069173	44.8687
UNC19886714	11	71318064	43.3359
JAX00111328	3	105257415	46.2205
JAX00517938	3	29104155	12.569
UNC15245016	8	91851603	44.554
UNC16217564	9	40572204	21.419
UNC2444046	1	192409678	97.4447
UNC13219961	7	80675886	45.6698
UNC11725924	6	101902807	47.502
UNC9949419	5	114039669	55.9429
UNC26369631	16	13746126	9.5447
UNC2689711	2	20353972	14.539
UNC551425	1	43300011	22.7998
JAX00015277	10	16120090	6.0628
UNC19616943	11	51521899	31.053
UNC19883785	11	71131322	43.2123
JAX00153378	7	80404609	45.654
UNC22857435	13	73465901	39.9656
JAX00122955	4	107081596	50.0015
JAX00342700	12	97916303	48.686
UNC5722694	3	87786158	38.6572
UNC12802239	7	49957654	31.7662
UNC23433513	13	114960174	64.615
UNC19943114	11	76760175	46.0406
JAX00592609	5	112796470	54.9307
JAX00256003	1	77264668	39.511
UNC29649339	18	77480186	52.2899
UNC4191402	2	148306090	73.4254
UNC27001941	16	65791836	37.3111
UNC15221859	8	90243208	43.96
UNC27393934	16	91747423	53.287
UNC10461224	5	151339389	89.9992
UNC160449065	16	17897413	11.0897
JAX00253313	1	64650709	32.737
UNC24166386	14	67675894	34.658
JAX00251228	1	54686564	27.8175
UNC1732940	1	135400070	58.6644
UNC4847189	3	21773036	7.584
JAX00164557	8	88653488	43.51
JAX00363501	13	75104841	40.6359
UNC4436854	2	166622825	87.2068
UNC15212083	8	89643154	43.8278
UNC1309269	1	103778305	49.2747
UNC20171930	11	94754222	58.9292
JAX00341590	12	91952461	45.018
UNC15401490	8	102732536	52.3051
UNC8250659	4	132985990	66.1416
UNC2198282	1	171376321	79.3764
UNC8907138	5	31968783	17.33
UNC26920898	16	59714953	35.011
JAX00704175	9	103545988	55.5651
UNC23758770	14	28635562	16.796
JAX00119661	4	63028263	33.9551
backupUNC130032318	13	22098537	8.1865
UNC3125032	2	57798985	32.338
JAX00247915	1	39417897	18.304
JAX00304273	11	12873253	7.915
UNC23940259	14	45576722	23.0935
UNC7764002	4	94458902	43.3132
UNC18858283	10	121040750	68.984
UNC15231886	8	90918779	44.248
UNC180267595	18	42411388	22.598
UNC19928810	11	75563860	45.916
UNC030558559	3	140374071	65.2679
backupUNC120008313	12	12602500	5.7813
UNC31108187	X	95052503	41.8505
UNC8995230	5	38707730	20.8127
UNC15136886	8	84292301	40.8313
JAX00241881	1	11184476	2.567
UNC18443563	10	92606835	47.1651
UNC17458868	10	13958541	5.143
UNC2547968	2	9470893	6.3554
JAX00310445	11	49338276	29.3787
UNC30382562	19	45332377	38.754
JAX00035747	12	47352347	21.4969
JAX00306700	11	29036920	16.4378
UNC13801469	7	126224552	69.012
UNC11954935	6	119094007	56.482
JAX00125402	4	140989988	73.2958
JAX00014811	10	9905430	3.289
UNC22841215	13	72395207	38.9774
UNC070520944	7	74087535	42.3331
UNC15483018	8	109771219	57.2536
UNC20089967	11	89426385	54.342
UNC29964258	19	16852294	12.255
UNC17183260	9	115107639	67.2012
UNC22271917	13	24198060	10.1932
UNC6301787	3	134907525	62.5046
UNC5093504	3	39636407	19.0567
UNC16777374	9	84422968	45.8658
UNC12632505	7	36471904	22.1098
JAX00108714	3	69965893	32.3884
UNC963161	1	75998218	39.162
UNC4338916	2	159932147	80.5646
UNC17084666	9	107363973	58.0122
UNC21993928	12	117491269	63.064
UNC24184469	14	68864291	35.8483
UNC8521188	4	154996667	86.167
UNC6229155	3	129683801	58.5232
UNC19139554	11	15071623	8.623
UNC12563949	7	29950861	17.261
JAX00100705	2	138741085	68.5053
JAX00596483	5	127945529	66.6063
UNC26665065	16	38072561	26.538
UNC7688566	4	88036396	41.3386
UNC17083201	9	107255912	57.983
UNC19192769	11	18794129	11
JAX00174792	9	99685479	51.9996
UNC27355614	16	89174095	51.424
UNC16930806	9	96481124	50.6378
UNC23420905	13	114118164	64.1178
JAX00627806	6	137117434	66.7369
JAX00185476	X	143656721	64.6618
UNC25833423	15	70377272	32.1816
UNC13051836	7	68265802	37.4864
UNC12613387	7	35363284	21.367
JAX00392665	15	7159347	3.4759
UNC6227620	3	129583934	58.0734
UNC24093641	14	62148352	33.163
JAX00498173	2	102882839	54.129
UNC30312674	19	40509486	34.2512
UNC8267255	4	134334519	66.6019
UNC30092955	19	24303170	19.4507
UNC20323033	11	107008407	70.0903
UNC27833067	17	36638254	19.159
UNC3035816	2	50852212	29.2492
UNC24984364	15	7057199	3.4246
UNC8952548	5	35933618	19.084
UNC11891939	6	114036106	52.9321
UNC9861364	5	106339826	51.4318
UNC28235168	17	67781860	38.8448
JAX00647000	7	92346459	51.415
UNC3760201	2	111909005	56.753
UNC21117106	12	52769445	22.2318
UNC10840382	6	32824725	13.9852
UNC7383428	4	64397310	34.056
UNC13081192	7	70511686	38.698
UNC11897195	6	114366484	53.049
UNC010114763	1	66345740	33.554
UNC23382410	13	111873053	63.63
UNC6052456	3	117753108	51.211
UNC4172668	2	146897011	72.627
UNC30342229	19	42413794	36.2957
JAX00510746	2	166458584	86.8762
JAX00479250	19	48001485	40.7749
backupUNC060378852	6	54025851	26.5147
UNC6634060	3	159528964	82.4865
UNC13336085	7	89835648	50.3652
UNC8435974	4	149493848	79.5648
UNC17063480	9	105694710	57.0096
UNC27742149	17	29123801	15.139
UNC29824296	19	3151739	2.9251
UNC3943914	2	128581307	62.631
UNC8539401	4	156254732	88.6454
JAX00110173	3	89444893	39.1253
UNC29235561	18	50175990	27.2611
UNC2170834	1	169539236	76.838
UNC3920196	2	126588272	61.759
UNC26888446	16	56658423	34.2073
JAX00634659	7	30751729	19.2358
UNC13164435	7	76227108	43.874
JAX00034297	12	27931089	10.3849
UNC14435701	8	31971929	18.8216
UNC19103178	11	12769954	7.915
UNC12223145	6	139555315	69.6759
UNC6209486	3	128224356	56.7928
UNC12402068	7	6872906	3.9862
UNC140382589	14	124268155	66.3421
UNC4798248	3	18476376	5.1079
UNC16061453	9	28683484	14.3596
UNC12128122	6	133757157	64.027
JAX00086690	19	8472153	5.4332
JAX00381082	14	58855092	31.224
UNC12203133	6	138196043	68.5545
JAX00474494	19	26264632	20.9681
UNC4367248	2	162066333	82.4995
UNC140232396	14	68756379	35.686
UNC12805512	7	50191221	32.0456
JAX00461364	18	61492656	34.618
UNC13226115	7	81158993	45.707
UNC26700109	16	41476176	28.2181
UNC21758880	12	101741189	51.2925
JAX00493173	2	74065903	43.9276
UNC29449238	18	64829974	37.566
UNC20717435	12	17743941	8.1325
UNC21872104	12	109740691	60.561
UNC28280781	17	70600463	41.874
JAX00043705	13	38050656	17.9182
JAX00371107	13	114216438	64.118
UNC31175891	X	105686393	47.0589
UNC28556490	17	88507578	58.0204
UNC20179200	11	95351819	59.006
UNC010274154	1	133740276	57.9554
UNC2122853	1	166173512	73.5304
UNC26999816	16	65622773	37.285
JAX00123790	4	118700866	55.099
UNC20097636	11	89955307	54.6681
UNC3284254	2	70021887	41.0091
JAX00081457	18	25788045	14.459
UNC17550619	10	20918176	9.754
UNC7050896	4	35375524	17.3577
UNC15316279	8	97017431	48.34
JAX00095632	2	70204570	41.086
UNC28349947	17	74969854	46.0887
UNC8911672	5	32366875	17.33
UNC23480108	13	117988253	66.6776
UNC16990409	9	100720036	52.8739
UNC22387175	13	33973965	14.0077
UNC25944543	15	79159763	37.695
UNC15227496	8	90638451	44.0951
UNC26241894	15	102849937	57.933
UNC6286119	3	133540430	61.9019
UNC3881386	2	123393661	60.692
UNC19433045	11	37625397	23.363
UNC26059892	15	88184602	43.064
JAX00365728	13	89912164	45.496
JAX00102699	2	165377515	85.534
backupUNC190023474	19	23162094	17.9318
UNC030404303	3	38144509	18.461
UNC21689506	12	96592402	46.733
UNC3709115	2	106869609	55.9191
UNC19883178	11	71048500	43.208
JAX00052974	14	52205472	26.8451
UNC24596953	14	99560679	49.459
UNC11729970	6	102185985	47.5288
JAX00037708	12	73631813	30.9822
UNC21144739	12	54720083	23.465
UNC8990259	5	38380966	20.4663
UNC30274954	19	37499231	32.3034
UNC2086653	1	163445150	70.7366
UNC7275164	4	54297288	29.1858
backupUNC120679525	12	14768438	7.031
UNC26024901	15	85771542	40.425
UNC28037400	17	54197003	28.1862
UNC30748057	X	37030812	21.4447
JAX00345313	12	108066598	59.2021
UNC30107716	19	25129859	20.0931
UNC20411291	11	112526637	75.933
UNC15462062	8	108057683	55.112
UNC23423951	13	114316931	64.118
UNC6150909	3	124612679	54.681
UNC9796065	5	101799774	48.9443
UNC17564996	10	21989201	9.833
UNC3356988	2	76007988	44.8014
UNC5873287	3	102842123	45.247
UNC16805938	9	86468661	46.576
UNC22131845	13	11905359	4.4519
UNC11404230	6	76301678	33.009
UNC7284249	4	55055247	29.5534
UNC2392256	1	187735013	91.9317
UNC30274999	19	37506467	32.3056
UNC4912039	3	27035626	10.821
UNC10391772	5	147082064	86.7298
UNC110115344	11	77022370	46.1925
UNC27983369	17	49946729	25.862
JAX00383296	14	71162983	36.886
UNC140463041	14	74254396	39.1557
UNC10501087	6	6331280	2.5128
JAX00154369	7	93657582	51.859
UNC19786744	11	63990453	39.465
UNC14427333	8	31482204	18.754
UNC5212317	3	48845360	21.667
UNC190070295	19	47368685	39.5385
UNC4912288	3	27057748	10.821
UNC140223024	14	65344047	34.3082
UNC16626137	9	73489040	40.8148
JAX00143290	6	83414351	35.94
UNC3950877	2	129160377	62.7499
JAX00091880	2	19810192	14.0724
UNC2436812	1	191599384	96.5575
UNC266725	1	22634298	8.6852
UNC20802878	12	29236638	11.859
UNC070069629	7	32577716	19.3452
UNC29537065	18	70257157	44.2222
UNC26082394	15	90137744	45.052
UNC12401735	7	6844780	3.9698
UNC30500882	19	52966814	46.911
UNC29982703	19	17811822	12.863
UNC24670207	14	105386442	55.8661
UNC8328214	4	138463310	70.3101
JAX00572104	4	155610933	86.664
UNC8527015	4	155423951	86.167
UNC25445876	15	41681984	16.3303
UNC28737078	18	11993766	5.9995
UNC7992952	4	112951834	51.535
UNC13045339	7	67772473	37.1498
UNC30362865	19	43901603	36.667
UNC925655	1	72938415	36.943
JAX00674120	8	82378530	39.3433
UNC29541511	18	70544889	44.5139
backupUNC110087516	11	58901501	36.3576
JAX00714466	X	80676915	38.38
backupUNC041622616	4	141462982	74.2372
UNC2845235	2	33157837	22.2804
UNC26553133	16	28712882	19.683
UNC25655743	15	57096243	23.7967
UNC25695653	15	59977191	25.582
UNC21127581	12	53538434	22.617
JAX00101868	2	154286745	76.3807
UNC30558073	19	57031225	52.0861
JAX00173799	9	86377827	46.576
UNC30847755	X	57029966	30.7457
UNC18837573	10	119632264	67.5108
UNC16778784	9	84548836	45.88
UNC24837697	14	117032303	60.335
UNC22405512	13	35284186	14.3031
UNC16619894	9	73074366	40.08
JAX00105143	3	22035726	7.584
UNC2134023	1	167099752	74.4788
JAX00172982	9	75417100	42.296
UNC6606748	3	156372189	80.462
UNC2683686	2	19978983	14.3989
UNC28590074	17	90551258	59.887
UNC2035448	1	158534842	68.4772
JAX00030725	11	96754128	60.104
UNC17687323	10	31105972	17.264
UNC15463286	8	108160237	55.2493
UNC27200181	16	79291678	45.614
UNC30796430	X	47751580	25.411
UNC14588661	8	41552017	23.893
UNC19020728	11	7062134	4.7226
UNC20522764	11	120131869	83.963
UNC16859328	9	91316698	48.2449
UNC3276622	2	69427073	40.75
UNC11809533	6	108289724	49.762
JAX00110225	3	90132263	39.1995
UNC3297730	2	71022929	42.385
UNC13408268	7	94965713	52.117
UNC2970167	2	45438697	27.371
JAX00024734	11	15936526	8.7329
UNC30307171	19	40165283	34.245
JAX00108034	3	60844953	29.173
UNC16371343	9	52564945	29.122
